2271162
1598144
2077483
2268985
2177907
2484465
1964262
2085198
2272799
2076966
2140125
2497447
1832153
2482518
2414518
3944276
1898218
2422775
2170941
2003412
2083096
2526999
2040138
2137389
2194394
1660094
1916036
2460898
2512989
2520035
2480828
2367044
2493125
1929061
2538447
1963146
2112411
2571057
1795047
2510781
2567006
2482832
1789313
2037919
2447368
2000733
2683864
1664287
2158184
2059052
2607735
2441923
2168348
1734563
2638551
2137181
2672713
2270278
2057403
2522334
2553574
2501415
2499414
2559607
2292255
2340747
2479422
5592620
2124320
2078114
2731426
1991118
2660960
4021855
2153373
2317785
2270901
2867180
2496493
2633535
2489209
2467168
1946262
2396988
2148609
1974922
2020552
1819339
2260547
2353563
2552851
1840728
2480196
2559935
2229205
2946221
2203194
2060269
2642163
3056869
