1730277
1912831
1898915
1846128
1718964
1695198
1828368
1809701
1751698
1853618
1819962
1758999
1800177
1745249
1672049
1720123
1766066
1677448
1725452
1866210
1745058
1763188
1807905
1718939
1896141
2845651
2003313
1822893
1740203
1695411
1755175
1748998
1805216
1795985
1898595
1852537
1706889
1681706
1783589
1830592
1775956
1868356
1725916
1819340
1701739
1740295
1690556
1780796
1758169
2011055
1908130
1803645
1897239
1708606
2011847
1872966
1771035
1706812
1960877
1902396
1740099
1788357
1766113
1828116
1854527
1692155
1803614
1774675
1809786
1805079
1619709
1784064
1918548
1845165
1852883
1885851
1725920
1915377
1917111
1762566
1812998
1725510
1746469
1853179
1725511
1696408
1794414
1773338
1911969
1821036
2155517
1905748
1733426
1799089
1852042
1947652
1697362
1884931
1726785
1902924
