65194746
59812313
66050114
60594891
59347693
60873594
60004286
61193335
94537855
108306551
62101924
61989833
61017109
62088298
91303668
59440656
62171572
61439536
103935080
145025392
60320580
59432959
61664335
94299527
160482094
62089040
80771767
62720399
68086989
113731523
63068618
60026340
68218542
62390417
62316461
60865889
63088346
64383746
120026983
157908418
62764938
61214738
121566445
60964292
61277056
60796727
61824879
88832593
186542561
63089156
61161335
61626629
66215038
60731597
60661005
59328328
62524705
61910413
123023861
64717525
60926571
70632324
67414774
63290623
59877824
60120325
62318836
59207002
102165130
74538397
62041525
59486674
74129758
140357246
63718188
64227279
61235673
63946098
63382077
61636983
63652831
60267457
68413669
63435204
59830360
62647887
64722738
61608504
130962608
70743551
61625307
60865621
61002326
66565713
60723922
63928825
61344920
64414499
162598181
64721341
