234978810
209561872
316125338
232760200
211544380
326674883
209592856
209650785
341233229
344995414
229922453
210485698
279571337
216062031
230153218
246515174
230620378
207604154
282730711
360544771
241853469
236189959
294880572
238968218
210349637
341140590
256793386
182624326
341757444
231110451
250610796
213948327
305348465
224382419
225632585
317615909
187189122
222219825
248826753
296499053
227588793
211140494
245407981
216272561
232635059
294422914
324420954
210661729
209414021
213030940
240790982
223765226
323349451
181194450
232415311
333164258
234365429
229583824
289851544
375191722
241351451
207657403
309397036
231886171
211119089
274566494
279482449
209544450
272093258
368998817
251298439
231715918
323883226
218937102
231783834
349650318
233209715
233152974
312338282
236460786
227727087
233125715
311543129
234511345
221209882
282889852
231990571
212838369
310412855
296808864
229861809
234386738
315209607
227602097
235002821
261257198
216788709
223512362
346260750
216543175
