8155760
8004534
12142517
7776297
7612768
7634479
7642349
8032318
7559159
7772319
7588080
7328167
8149450
7869417
7312623
8229857
7372157
7423423
11860321
7465118
7114674
5202210
5126157
5741078
7539071
9692476
7853701
7349831
7788911
7781011
7819806
7982982
7633640
8269080
13548317
8110393
7323831
9559158
7970489
7882649
7231167
5383547
5257941
5560841
5136554
5284349
6980357
5250797
5237610
7195474
5327296
5337532
7315186
6836427
7486770
26231438
5562978
7202864
6949273
5363398
7124444
29909503
5790954
5346617
7342756
7222638
7042344
6936572
7067968
7733295
5541162
5132222
5416195
5263352
5110604
5255226
6938903
5298355
5722304
5192558
8307691
7501861
7622711
7997452
7853223
7606223
8222977
7646942
7380888
9536823
7928341
7873706
7630291
8411737
7592458
7083359
14719196
6182755
7837811
8164139
