8552477
7842509
8813576
8089299
7844804
6963341
7976807
7807298
7898568
7560407
7735633
8107220
7929575
8324062
7773074
7806235
7791265
8097887
7576421
7399513
29943324
8587517
5836631
5571397
5531792
6334609
7253993
5856697
5557995
5639810
7413882
5752623
7324453
5417174
7458819
17390456
7978303
8017750
8168097
7804541
5534930
5603310
7387585
5533634
5507119
10326937
5638653
5513407
7331167
7728520
56701826
9359327
5480383
7376170
5558772
7350183
9446967
7328447
5767740
5593541
34417845
9371375
8868326
7342414
7272202
5842968
7380751
7236950
9236018
9050434
10778935
5749910
5580629
5585557
5459538
40306040
5626521
5450468
7439606
5617255
8547259
17840945
7821289
8329645
9010734
7962924
7911479
7864882
8099063
8100553
8355705
6108359
7486392
7570519
9629186
7931748
11570921
7788929
8111207
7663451
