1.22092
1.55323
0.360186
0.29963
0.252059
1.17665
0.201635
0.183446
1.444
0.3376
0.257551
1.48867
0.373439
0.129249
1.51245
0.622514
0.23238
1.29753
0.177829
1.21733
0.212161
0.149689
1.28761
0.178232
0.155371
1.30078
0.177864
0.187097
0.178623
0.178073
0.193842
1.3157
1.21321
0.176637
0.18374
1.23547
0.453374
0.157654
0.160503
0.773353
1.18717
0.191705
0.150118
1.22189
0.14865
0.139439
1.10016
0.14696
1.2046
0.193361
0.244021
0.376027
0.380703
0.2381
0.252402
2.08505
0.2454
0.21331
0.231917
0.188954
1.52569
1.5171
1.52683
0.0470994
2.34342
0.249579
0.341241
0.179839
0.184201
1.52276
0.245418
0.212774
0.179129
0.186059
1.48854
1.6364
0.313732
0.183473
0.197327
0.188068
1.66772
0.0513656
0.0298275
0.196429
0.177126
0.188448
0.17929
0.199764
1.02566
0.151953
1.22823
1.26524
0.163696
0.175591
0.189404
0.143171
1.24705
1.20278
0.22984
0.935599
