1.2396
0.125209
1.07939
0.125799
0.122147
0.42484
0.133703
0.999198
0.116105
1.6032
1.04772
1.0034
1.05859
0.212758
0.127875
1.11476
0.320443
0.113466
0.12225
0.124689
0.250969
0.151645
0.190319
0.972301
1.24303
0.237571
1.03952
0.229178
0.128213
0.986593
0.234845
0.174956
0.196569
0.177535
1.02952
1.05339
0.144912
0.133563
0.513656
0.124653
1.08476
0.156195
0.153574
0.138933
1.14305
0.92612
0.228024
0.14164
0.136702
0.260602
0.364003
0.192788
0.158239
0.252444
1.18403
1.17206
0.127559
1.03726
0.280856
0.160246
0.772062
1.04567
0.604411
0.992069
0.141134
1.06094
1.00316
1.19281
0.408133
0.127152
0.330494
0.156051
0.135959
1.07688
0.282784
1.0358
1.0429
1.03667
1.07173
0.284661
0.145922
0.136523
0.150142
0.122383
1.0937
0.919375
1.06741
0.987253
1.10056
1.0672
0.205101
0.159332
0.157083
0.285445
0.136045
1.12011
0.147589
0.989218
0.136205
0.166961
