1.52271
1.6846
1.35303
1.40335
1.69293
1.30068
1.7364
1.71394
1.35098
1.32339
1.43475
1.56254
1.34521
1.5233
1.46906
1.56715
1.44364
1.52517
1.61742
1.27854
1.45308
1.39163
1.41242
1.37354
1.53235
1.36608
1.41479
1.66391
1.37553
1.40991
1.31509
1.60021
1.35023
1.60343
1.5584
1.34757
1.56129
1.57827
1.5043
1.2874
1.55402
1.60543
1.47362
1.65257
1.40135
1.45002
1.39725
1.54171
1.6895
1.57622
1.44592
1.48999
1.19754
1.67682
1.48702
1.28032
1.38695
1.41907
1.48697
1.34939
1.55864
1.74054
1.24386
1.39721
1.55238
1.43823
1.39771
1.53967
1.40655
1.32772
1.36938
1.40913
1.2687
1.60536
1.4589
1.25057
1.53239
1.40046
1.39451
1.44276
1.52902
1.40044
1.33085
1.42372
1.59554
1.34972
1.50523
1.59173
1.51987
1.28152
1.62902
1.385
1.28621
1.49399
1.40866
1.48591
1.42714
1.57824
1.48111
1.51579
