0.757913
0.764268
0.748733
0.764323
0.763862
0.77205
0.765895
0.761339
1.00722
0.665581
0.757382
0.76133
0.763097
0.767232
0.704745
0.764705
0.754073
0.764504
0.929132
1.23675
0.756338
0.769175
0.762915
1.06856
0.734774
0.770908
0.790239
0.762489
0.752358
0.974401
0.75375
0.759568
0.749632
0.73973
0.758189
0.764556
0.752387
0.759534
1.15393
0.841937
0.759547
0.756604
0.716977
0.758458
0.760852
0.757345
0.76168
1.09908
0.898174
0.730105
0.758236
0.760782
0.733143
0.759802
0.764282
0.7653
0.765123
0.764782
0.76417
0.730309
0.756799
0.776295
0.750397
0.763824
0.759247
0.766918
0.75299
0.765104
0.6743
0.729903
0.761219
0.762971
0.721095
0.761181
0.751992
0.745414
0.760064
0.730833
0.750734
0.763535
0.748069
0.771079
0.734902
0.758263
0.765884
0.757561
0.758175
0.763673
1.00291
0.728644
0.760531
0.769337
0.759952
0.753926
0.75938
0.760719
0.760722
0.751439
1.26166
0.730796
