147082
18493
641730
21032
104196
454626
109029
57775
118459
508071
120382
57481
410706
98636
59558
115158
213865
50970
204868
595987
219582
63747
552663
60439
53887
578137
578917
14358
533687
25631
320970
18788
576533
269249
100583
324530
69251
27203
117256
457486
189330
92426
267881
119462
16893
134774
500149
87605
55331
16529
219538
22723
506400
14632
71367
405019
28503
19288
171367
557015
256830
17924
523927
25683
65491
76081
226344
55688
102507
263942
229412
21817
573033
66463
25865
545559
28200
15892
239233
96689
224468
20863
501424
19218
66011
88503
143024
18797
176530
491717
208654
16421
570765
34055
79623
75412
363951
107144
156840
229567
