51990
11775
63551
15680
17075
11322
10397
11690
70486
440206
77316
45617
17133
13483
256100
14866
55046
49880
77981
111567
52285
12117
17427
95307
545691
11193
18679
84131
137017
310084
62436
50555
103396
13072
54760
11987
68717
49550
77806
493675
67346
57207
416334
56251
15617
53866
15503
87687
644928
65909
55027
73207
96928
51949
15032
13805
12882
54114
591101
107177
25090
16500
64037
14483
15556
11648
105650
11766
447580
144761
69919
12002
186937
455957
61610
99959
52884
150048
50568
11145
96690
50065
108753
57271
48129
50885
52069
51143
394094
71917
17991
12178
48411
107500
51370
54973
49935
51314
296172
71119
