89374
89872
88379
85019
89973
52949
102705
89401
49059
59318
52988
93173
51401
87714
88879
88971
51446
85450
85305
94314
124765
105738
85662
92011
88078
85982
89860
84819
88963
89789
51605
91045
86253
111523
87170
51162
92602
85696
85780
161173
91615
88625
85287
88360
121489
91704
89844
131358
88091
86371
51064
82353
82487
46433
81754
85382
48853
82458
47488
52275
84292
88684
86273
134560
83780
85020
82376
88764
52665
116794
84037
48572
82823
48482
53824
117052
48312
47728
46292
53945
47700
91956
49407
82208
47176
48034
81956
81971
81990
48311
91128
86339
162297
88647
89414
84698
88633
88322
86137
83324
