94276
90549
94481
110160
100767
92399
87639
87596
93046
85483
123647
92472
90170
55664
119749
119679
124652
91746
86445
84905
95297
91727
90231
215457
123547
89008
85890
120705
90400
87615
95545
164485
86344
93549
94993
95039
87200
90086
123114
91481
133773
126898
91095
86094
160579
120611
88970
52733
85179
90474
91173
60326
81087
48072
87707
84449
85104
81321
47312
86001
90400
101838
92664
86145
125079
87324
83833
87810
84648
84334
109868
93981
47947
47986
82445
86045
48161
47902
46221
83075
88216
85228
82857
83483
48238
57964
84323
46539
49306
52063
111087
89681
49939
128661
94305
280219
88857
89625
183445
