1.19175
1.64852
1.35708
1.47387
1.4866
1.32128
1.57432
1.28517
1.59128
1.39193
1.28127
1.50478
1.22362
1.59751
1.65053
1.31686
1.55589
1.6576
1.64766
1.49007
1.23424
1.60248
1.48556
1.14936
1.08148
1.25743
1.30145
1.45639
1.44378
1.18921
1.52019
1.19354
1.22218
1.11647
1.08233
1.14429
1.58406
1.43263
1.2044
1.43998
1.39182
1.49989
1.52761
1.51977
1.18672
1.18968
1.41199
1.48105
1.53441
1.45696
1.3518
1.50816
1.58525
1.51035
1.12945
1.39418
1.52361
1.41643
1.30059
1.34888
1.22348
1.25312
1.36685
1.22091
1.41499
1.35325
1.22425
1.40893
1.35563
1.57405
1.38503
1.51726
1.65385
1.44459
1.58049
1.48414
1.23888
1.48684
1.43095
1.56556
1.56434
1.66355
1.65462
1.66103
1.36618
0.901393
1.43869
1.26185
1.43044
1.44274
1.53286
1.16237
1.52965
1.38646
1.51325
1.25407
1.43278
1.38985
1.52851
1.42972
