1.01906
1.09715
1.08098
1.30704
0.735875
0.795696
1.02758
1.03115
0.992985
1.01234
1.1088
1.10389
1.38389
1.34995
1.09445
1.22434
1.4342
0.881021
0.968177
0.899878
0.971925
0.983487
0.960421
0.975542
0.992833
0.908255
0.977329
0.991868
0.995679
0.978543
0.969872
0.950672
0.96731
0.982117
0.985686
0.976571
0.922208
0.99586
0.971019
0.715887
0.937282
1.00003
0.993578
0.945439
0.993066
0.998782
0.91391
0.987482
0.960252
0.981251
1.09432
1.08304
1.06873
1.08824
1.08486
0.76058
0.936632
0.787424
0.994733
0.988192
1.10996
1.11109
1.11096
1.49438
0.988897
1.02306
1.0208
1.03597
1.01984
1.11018
1.13379
1.13794
1.04712
1.13051
1.1096
1.05169
0.7727
1.14535
1.14416
1.13869
1.03878
1.51551
1.50336
0.9983
0.982939
0.988651
0.990703
0.994283
0.946752
0.990874
0.913153
0.897082
0.988907
1.01921
0.995232
1.00068
0.925048
0.969522
0.987536
0.939371
