5669
3106
4920
3917
4095
5643
4103
4345
3547
5042
4815
4106
5208
3588
3378
4995
3774
3273
3260
3898
6695
4475
4172
8367
9841
4415
7513
4523
4466
7663
4830
6107
5684
6866
8865
7910
4002
4303
6136
4011
8231
5156
4620
4064
8704
9127
4884
4493
4305
4775
8040
2691
3394
2798
6978
4681
3168
8052
5357
4732
11538
6142
5483
4872
3929
5589
4947
4552
4043
3728
36164
4482
3275
4473
3937
4270
5243
4201
4396
3932
3396
3399
3175
3222
4461
15484
4229
6813
5019
4207
5601
6257
4466
4967
4026
8565
4318
8110
4443
4309
