13521
4052
3489
13948
22788
18355
13671
14031
9114
9755
3515
4046
13877
14886
4160
72836
13504
15153
15692
15365
14099
17243
12221
14758
13987
14748
17479
14410
14319
15101
14795
13914
12989
14224
14032
13978
12892
15674
15776
74163
19719
10806
17129
17295
15538
18145
20093
18302
18919
14324
3028
3138
3203
3043
2991
14907
18489
16612
11553
14416
4091
4116
4155
16846
5759
9177
12396
13817
13862
3994
3430
3308
14746
3386
4395
4587
17393
3395
3299
3268
4418
16279
20064
18463
17109
14941
16798
14396
21152
17453
19180
17025
17001
10112
11923
13826
18333
16232
15781
12280
