42010
3597
43750
3939
3811
15577
4012
38772
3391
72629
40403
38509
39188
6414
3666
40342
10026
3249
3526
3878
7550
4414
5839
39282
64335
8928
38942
7266
3967
38232
7359
5242
5773
5806
39744
43310
4280
4154
18167
3846
40468
4791
4640
4200
56615
39271
7360
4235
4054
8230
32857
5571
4296
8269
43140
38532
3827
39516
9023
4849
77717
41153
19777
40422
4246
45150
40478
40232
9370
3849
151898
4824
3940
38580
8745
38234
38357
37958
38605
8354
4508
3935
4386
3533
39530
49196
38661
39870
42899
38531
6418
5242
4725
9433
4090
45239
4630
39065
4103
5239
