41014
39104
6284
35880
7786
40177
4725
4323
38504
7140
4170
38104
47083
9912
38974
183279
44202
40900
5115
39816
5570
4248
39595
4464
4159
42664
5089
4889
4621
4565
5184
43560
39157
4778
4357
39021
12030
4449
4761
194766
44176
4756
4459
44952
4636
4130
45731
4412
43693
4823
3948
6462
6461
3938
4163
105359
7420
5558
5146
4737
39020
38919
38968
10681
77403
4647
8710
4592
4462
38763
3972
3354
4207
2967
38031
37589
8941
2901
3086
2965
39805
17824
8184
6030
4870
4801
5024
5183
39862
4308
39799
43761
4761
4214
4471
3963
45608
39435
5731
42652
