0.056457
0.0401512
0.0566624
0.0423611
0.0559612
0.0684204
0.0598356
0.0543815
0.0529889
0.0492083
0.056334
0.046366
0.0349832
0.0395414
0.0511893
0.053505
0.0621287
0.0452226
0.0449737
0.0595572
0.059894
0.0455722
0.0557327
0.0533168
0.0499969
0.0375017
0.061382
0.0468615
0.048729
0.0448816
0.0450997
0.0464072
0.0450824
0.040601
0.0428515
0.0594321
0.0533598
0.0420532
0.0401917
0.0428078
0.0481186
0.045758
0.0656041
0.0483342
0.0496377
0.0589546
0.036898
0.0608767
0.0527978
0.0572064
0.0441128
0.0496343
0.056082
0.0360942
0.041674
0.0450807
0.0394713
0.0477994
0.060706
0.0435293
0.0455272
0.0524267
0.0482267
0.0443537
0.0502106
0.0411686
0.0456751
0.0483371
0.0570649
0.0346662
0.0445927
0.0593622
0.0424786
0.0577881
0.0593093
0.0404796
0.0491453
0.0392528
0.0499962
0.044007
0.0485729
0.0482429
0.0632543
0.0482693
0.0532762
0.0498577
0.0602024
0.0669035
0.0522056
0.0508413
0.0469129
0.056903
0.0507823
0.0451957
0.0405034
0.0563221
0.0668741
0.0657724
0.0501828
0.0574329
