0.00308283
0.00302235
0.003392
0.00366708
0.00306183
0.00327336
0.0034621
0.0027114
0.00293105
0.00349184
0.00311962
0.00303754
0.00355683
0.00339477
0.00316684
0.00309972
0.00325684
0.00303402
0.00304659
0.00333913
0.00353421
0.00319592
0.00340048
0.00326168
0.00361907
0.00681206
0.00315944
0.00347217
0.00294757
0.00338562
0.00314933
0.00307382
0.00286006
0.00358147
0.00294393
0.00317863
0.00314993
0.0030208
0.00340948
0.00270442
0.0033891
0.00291908
0.00331284
0.00331803
0.00300304
0.0031984
0.00313465
0.00332909
0.00325027
0.00322794
0.00359009
0.00329284
0.00316785
0.00326004
0.00308994
0.0030414
0.00313819
0.00322638
0.00353781
0.00302238
0.00351872
0.00344633
0.00327639
0.00330082
0.00350471
0.00332596
0.00346208
0.00351649
0.00281771
0.00351108
0.00309451
0.00335149
0.00364458
0.0030177
0.00290408
0.00319367
0.00348369
0.00320077
0.00306579
0.00314087
0.0035657
0.00323834
0.00308391
0.00361696
0.00312978
0.0031977
0.00338397
0.00338111
0.00416405
0.00337626
0.00357675
0.00321116
0.00313393
0.00347026
0.00365165
0.00344452
0.00317559
0.00282447
0.00335018
0.00283858
