0.001634
0.001422
0.001528
0.001405
0.001394
0.001128
0.001394
0.001462
0.001437
0.001313
0.001345
0.001511
0.001443
0.001493
0.001426
0.001431
0.001426
0.001427
0.001353
0.001305
0.001467
0.001468
0.001099
0.001025
0.00099
0.001087
0.001378
0.001104
0.001031
0.001033
0.001425
0.00102
0.001354
0.000981
0.001335
0.001422
0.001546
0.001482
0.001404
0.001395
0.001031
0.00101
0.001354
0.001012
0.001012
0.001829
0.001062
0.001001
0.001301
0.001363
0.000609
0.00171
0.000982
0.001289
0.001
0.001305
0.001637
0.00129
0.001039
0.001013
0.002142
0.00169
0.001568
0.001285
0.001294
0.001027
0.001328
0.001308
0.001632
0.001617
0.001797
0.001073
0.001025
0.000999
0.000973
0.001651
0.001013
0.000931
0.001398
0.001003
0.001613
0.00236
0.00145
0.001444
0.001406
0.001425
0.001488
0.001404
0.001421
0.001484
0.001562
0.001102
0.001332
0.001353
0.001442
0.001449
0.002057
0.0015
0.001425
0.001349
