0.001554
0.001498
0.001512
0.001366
0.001348
0.001388
0.001341
0.001615
0.001366
0.001369
0.001405
0.001321
0.001362
0.001467
0.001324
0.001376
0.001365
0.001354
0.00115
0.001313
0.001296
0.000921
0.000913
0.000978
0.001313
0.001823
0.001376
0.001333
0.001344
0.001443
0.001395
0.001472
0.001381
0.001403
0.001401
0.001407
0.001342
0.001744
0.001365
0.001477
0.001342
0.000967
0.000934
0.000949
0.000908
0.000925
0.001273
0.000926
0.000926
0.001259
0.000954
0.000916
0.001226
0.00117
0.001279
0.000521
0.001027
0.001248
0.001206
0.00096
0.001235
0.001957
0.001036
0.000932
0.001304
0.0012
0.001239
0.001184
0.001215
0.001225
0.00073
0.000878
0.000936
0.000963
0.000881
0.000903
0.001114
0.000888
0.000907
0.000898
0.001405
0.001372
0.001374
0.001377
0.001461
0.001349
0.001483
0.00137
0.001261
0.001725
0.001325
0.0015
0.00134
0.001397
0.001364
0.001216
0.00158
0.001157
0.0014
0.001531
