0.0261459
0.0184245
0.0273626
0.0144086
0.116668
0.0787473
0.0198326
0.0202358
0.0174995
0.0252312
0.0243281
0.0178828
0.00599931
0.0127265
0.0193675
0.0357592
0.0056878
0.0405455
0.0340502
0.0317202
0.0365498
0.0257821
0.0287063
0.0321486
0.0284504
0.0294343
0.0300528
0.0285219
0.0276046
0.0306079
0.0323768
0.0277713
0.0249332
0.0285194
0.0322956
0.0239874
0.0343799
0.0260648
0.0279728
0.0454406
0.0312762
0.0340571
0.0272661
0.0272517
0.0266806
0.0267461
0.0236749
0.0275136
0.0263751
0.0360549
0.0348251
0.033915
0.0369017
0.038197
0.0378846
0.0476445
0.0445557
0.101618
0.0410623
0.0347376
0.0187031
0.0193824
0.0181095
0.00453711
0.0172394
0.0292253
0.0245359
0.0204501
0.0233079
0.0194523
0.0261466
0.024946
0.0206665
0.0244905
0.0185386
0.020009
0.128922
0.0248193
0.0247689
0.0254366
0.0201659
0.0033038
0.00555465
0.0248257
0.0312926
0.0304074
0.0308745
0.0352455
0.0257841
0.0274932
0.0297562
0.0286744
0.0287919
0.0312139
0.032536
0.0251749
0.0279461
0.0265761
0.0324974
0.0370048
