0.0336791
0.0150705
0.0166755
0.0155958
0.0155539
0.0225352
0.0144597
0.0122075
0.0136242
0.0105518
0.0131816
0.0115487
0.0141075
0.0147314
0.0125602
0.0132261
0.015268
0.0122964
0.0130671
0.0129421
0.0345024
0.0224215
0.0233503
0.0217175
0.02168
0.0193409
0.0210705
0.0255951
0.0232687
0.0186919
0.0306382
0.0355792
0.0326389
0.0308997
0.0216935
0.0217305
0.0232349
0.0259928
0.0305037
0.0224037
0.022924
0.0287061
0.0239716
0.0224533
0.0189363
0.0216223
0.0266241
0.0253636
0.0229061
0.0249453
0.0256362
0.0199696
0.0238923
0.0147412
0.0275708
0.0214438
0.0178504
0.0158355
0.0272702
0.0335911
0.0240997
0.0335592
0.0201093
0.0132081
0.0161308
0.0150552
0.0131307
0.0145519
0.0237528
0.0166387
0.0169683
0.021837
0.0147273
0.0135232
0.0170483
0.0131306
0.014436
0.0132463
0.014392
0.0182997
0.0175657
0.0139728
0.0129143
0.0130175
0.0126722
0.0272295
0.0129994
0.0123223
0.0148119
0.0129272
0.0297284
0.0278316
0.0236969
0.0241927
0.0225476
0.0228429
0.0250315
0.0198073
0.0241963
0.0221326
