0.000478
8.9e-05
0.000487
0.000196
0.000199
0.000378
0.000336
0.000927
0.000282
0.000521
0.000608
0.000268
0.000766
0.000218
9.8e-05
0.000497
0.000303
9.6e-05
9.6e-05
0.000193
0.000448
0.000115
0.000133
0.000615
0.000606
0.000493
0.000405
0.00019
0.000143
0.000306
0.000232
0.000469
0.000434
0.000646
0.000427
0.000309
0.000133
0.000144
0.00078
0.000155
0.000412
0.000247
0.000131
0.00015
0.000689
0.000349
0.000191
0.000151
0.00012
0.000221
0.000547
0.000265
0.000219
0.000156
0.000785
0.000541
0.0004
0.000519
0.000427
0.000481
0.00055
0.000898
0.000348
0.000491
0.000506
0.000672
0.000485
0.00034
0.000193
0.000285
0.000787
0.000439
9.6e-05
0.000368
0.000233
0.00036
0.000762
0.000373
0.000363
0.00021
0.000301
9.7e-05
9.6e-05
9.5e-05
0.000353
0.000324
0.000371
0.000727
0.000416
0.00037
0.000265
0.000316
0.000125
0.000269
0.000151
0.000657
0.00017
0.000361
0.000131
0.000149
