0.000771
0.000266
0.000137
0.000576
0.000964
0.001116
0.000618
0.000626
0.000458
0.00047
0.000101
0.000264
0.000807
0.000646
0.000267
0.00025
0.000664
0.000725
0.000768
0.000717
0.000669
0.000651
0.00054
0.000716
0.000672
0.000737
0.000718
0.000703
0.00062
0.000682
0.000703
0.000678
0.000641
0.000703
0.000614
0.000688
0.00066
0.000605
0.000715
0.000252
0.000835
0.000518
0.000733
0.000937
0.000788
0.000727
0.001196
0.000713
0.000853
0.000678
0.00013
0.000109
0.000142
0.000133
0.000135
0.000831
0.000774
0.000718
0.000511
0.000608
0.000266
0.000267
0.000266
0.000691
0.000713
0.000431
0.000692
0.000515
0.000614
0.000261
0.0001
9.4e-05
0.000637
9.5e-05
0.000266
0.00032
0.000721
9.2e-05
8.5e-05
8.8e-05
0.000516
0.000616
0.000797
0.000684
0.000776
0.000622
0.000767
0.000679
0.000888
0.000684
0.000716
0.00088
0.000734
0.000389
0.000505
0.000602
0.000844
0.00083
0.000669
0.000207
