0.103357
0.113238
0.115101
0.110281
0.106052
0.139915
0.0945308
0.1049
0.074219
0.144722
0.139133
0.10844
0.132891
0.0999338
0.111327
0.115724
0.142524
0.101801
0.0998528
0.107606
0.101237
0.0952233
0.109668
0.096435
0.107498
0.10392
0.109005
0.109459
0.115147
0.108738
0.13093
0.106899
0.105559
0.0955791
0.111993
0.134163
0.110217
0.114868
0.111813
0.083107
0.108348
0.103641
0.107982
0.113841
0.0980083
0.110722
0.0996912
0.0829923
0.117346
0.11179
0.051582
0.0296422
0.0309532
0.0367668
0.0298813
0.0319705
0.0361012
0.0300984
0.0383871
0.0525724
0.0383366
0.0656726
0.0569689
0.0485131
0.0408651
0.0540098
0.0400371
0.05895
0.0754502
0.0336636
0.0284136
0.0379672
0.0288814
0.0376722
0.0377514
0.0239198
0.0364674
0.0375749
0.0356442
0.0365095
0.0359767
0.0424385
0.039429
0.0270743
0.0372059
0.0367764
0.0281517
0.0301104
0.0291822
0.0372502
0.103095
0.108136
0.0818924
0.108917
0.103192
0.111691
0.113454
0.0996399
0.111091
0.108898
