0.108771
0.107688
0.0921209
0.0811855
0.0764159
0.0439277
0.103914
0.103264
0.0972734
0.102205
0.107491
0.0873216
0.105636
0.113028
0.0843875
0.0958889
0.0756687
0.0983493
0.0979942
0.100873
0.106795
0.0982712
0.0945031
0.0631795
0.0795369
0.0954391
0.101622
0.0798702
0.0869389
0.100297
0.0994922
0.0848077
0.0937857
0.0884958
0.0837748
0.0963608
0.0993456
0.0866251
0.0910312
0.0973926
0.0880656
0.0741919
0.0910043
0.0979717
0.0701014
0.0804812
0.094849
0.121657
0.100561
0.0950116
0.040594
0.0205288
0.0305253
0.0384801
0.0311759
0.0301882
0.0302145
0.0297223
0.036932
0.032707
0.0581366
0.0452776
0.0587037
0.0596912
0.0499207
0.0603763
0.0594022
0.057311
0.0567423
0.0583679
0.00802528
0.0344704
0.0377946
0.0354439
0.0286127
0.0305154
0.0392886
0.0392487
0.0376556
0.0306277
0.0302939
0.029847
0.0292764
0.0308287
0.0372484
0.0161504
0.0285857
0.0379208
0.0397035
0.0370308
0.0841103
0.0725298
0.0778915
0.0618875
0.115911
0.0594761
0.0986602
0.102932
0.0484592
