1.85268
1.90126
1.94015
1.898
1.86645
1.52205
1.91244
1.87613
1.86787
1.99135
2.03796
1.87038
1.94168
1.79798
1.91352
1.95797
1.90277
1.87287
1.94988
1.9659
0.656013
2.09454
1.44499
1.46028
1.5558
1.54298
2.01052
1.46801
1.48631
1.44522
2.06739
1.55856
2.07535
1.60629
2.00283
1.16605
1.94532
1.87991
1.8857
1.87921
1.56698
1.6112
2.02214
1.57629
1.52619
1.00851
1.48105
1.48335
2.01214
2.00728
0.32485
2.38863
1.57929
2.02539
1.48572
1.96239
2.28521
2.02967
1.44665
1.49276
0.988378
2.23225
2.33849
2.11685
2.01764
1.46912
1.95948
1.99735
2.32557
2.30222
2.6771
1.49174
1.59501
1.57978
1.57981
0.553973
1.55456
1.56236
1.97473
1.50124
1.85952
2.63137
1.90644
1.89566
2.13002
1.93585
1.87504
1.87127
1.90871
1.83372
1.86096
1.55799
2.03823
2.02138
2.14958
1.91164
2.34975
1.92146
1.86717
2.00058
