1.89083
1.85729
1.78448
1.97277
1.94069
1.93746
1.98241
1.88152
1.94755
1.96456
1.96394
2.01093
1.96896
1.89584
2.00531
1.95237
1.9875
1.97984
1.51688
1.97599
2.07319
1.6007
1.66539
1.62264
1.98118
2.18688
1.97829
2.03885
1.96392
1.89015
1.94037
1.85926
1.90549
1.90815
1.76798
1.93518
1.99772
2.18213
1.95492
1.84614
2.11783
1.52394
1.57521
1.70922
1.65157
1.57629
2.07678
1.56086
1.56953
2.05337
1.57504
1.63434
2.10478
2.12703
2.07599
0.436642
1.56332
2.05921
2.08866
1.57125
2.04799
0.802653
1.55082
1.6153
1.99002
2.0836
2.0712
2.05657
2.0711
2.08099
1.08543
1.63813
1.6785
1.63675
1.61643
1.62853
2.10405
1.64907
1.67606
1.61459
1.97838
1.98455
1.94931
1.97951
1.8699
1.95604
1.96983
1.94214
2.09277
2.20896
2.01038
1.88157
1.93097
1.90658
1.95449
2.06045
1.75042
1.42338
1.99911
1.85771
