1849280
1565824
2083328
1782528
1528768
1692544
1693312
1539648
1509440
1629568
1835328
1684224
1768384
1660224
1572992
1662528
1574528
1704640
1509184
1423040
21689216
2417152
1076480
1004096
1111232
1615232
1430848
1136896
726016
1038080
1755840
1270848
1799936
1172096
1580864
2914944
1764864
1649024
1732928
1524928
925824
1283776
1560192
1185984
1035520
9752512
1062208
1028672
1549248
1775552
23674688
2507136
1140416
1607296
1052224
1405632
2166656
1576768
1058496
1079552
27122496
1809216
1785472
1906944
1519744
1124608
1391616
1616832
2066560
1869632
2655744
1149440
1190272
1139904
1103552
7408512
1130688
1008704
1449600
1096256
2044928
5451072
1598976
1915776
3203136
1747072
1574272
1533888
1816960
1591616
1891776
1476928
1624128
1739776
4191296
1708032
2336320
1560576
1727744
1681536
