1747008
1566912
4283008
1744128
1557760
1395392
1680512
1628672
1323008
1732544
1551168
1497792
1981696
1571648
1467968
2027264
1493888
1479296
4353984
1516544
1483072
855104
1064576
1391808
1604032
2021504
1807744
1579904
1741248
1558080
1674176
1588352
1474112
1840704
5121408
1873280
1440896
1937344
1866176
1501952
1670080
1002816
1004160
1219264
1030656
990080
1408640
977920
980288
1542912
1031360
1116288
1761280
1397632
1800064
8568320
1140160
1163904
1407488
1079296
1427712
5972800
1137536
1100672
1496064
1545536
1445696
1378112
1464704
2015936
1812096
1064192
1234048
1087936
1021760
1075200
1417344
1185024
1423936
1004224
2187072
1539904
1601984
1903872
1527488
1579648
1856576
1600704
1748736
2015936
1928640
1528448
1568064
2107136
1549376
1430400
5787136
1230528
1834112
1667392
