11876224
417664
15887680
297600
3290816
3915456
3175616
1308224
1332864
13518144
11153536
2007296
4168768
2589376
2036864
3809216
10553216
1099776
3929984
16140736
26967296
2225472
13307712
783872
1158848
14237312
16763264
180544
4897856
265600
31782080
317120
13146432
3401280
2628032
5012032
1533120
286272
1367872
13017728
26176192
3312832
5850880
2558464
256000
1500160
13521216
2725440
781696
229760
27583488
524544
13086720
198784
968192
4130944
330816
272768
3644224
15752192
29619392
387968
9427328
372992
859456
1003904
11105344
1249216
1243136
4193728
27539968
520512
13482880
880896
387648
8052672
367040
264768
4377024
1578112
28506944
432704
13022016
269504
882368
1097344
1126208
320704
3840576
14994112
27427520
329280
13386176
452800
980928
970112
21590848
10634240
1851648
12660736
