1181056
214016
926912
286208
442112
260736
206464
192640
1046336
13670592
1483968
2171520
345472
274944
4156992
252160
2298752
1188288
1102528
2993408
642496
209216
333824
1215808
13832320
161344
354048
1614080
3564032
15156160
1478272
1171968
2825984
261504
2412736
209344
2638656
2393024
1071616
13658368
1220416
2449984
14378816
1246976
317248
1377792
326656
1231232
15211584
9949184
1331712
1371840
3101376
1232512
291136
252096
228672
1360512
15968512
10569344
404864
265408
901632
248000
259200
213312
1980352
205632
12468480
12654912
2359616
252480
3962944
13052608
1413248
2713920
1151936
12805440
555392
211264
3020800
1169600
2761856
1276928
1113664
1211072
1286784
1190592
15136256
9825216
281600
206848
1087232
2942080
1120704
1339200
1138560
1239872
14894848
2964032
