32327
30840
36755
29303
29117
30042
29238
29701
29854
29534
22907
19629
30287
30042
19407
29543
19333
21225
35245
28682
16753
16227
16255
18317
26102
29795
26827
18699
27177
26429
29648
30977
29674
31022
38678
29571
19258
34411
29878
30693
17272
18528
18058
18239
16901
16966
17909
18826
18398
22091
18445
17713
18570
17853
18812
24369
17539
19368
18374
18828
18838
45675
18254
17791
18814
19921
17903
18376
18462
19557
18973
16759
16934
17110
17037
17874
18111
16657
17646
17165
24127
19763
28476
28433
29403
28030
28980
28771
19345
32531
20732
27958
27204
28158
27186
17907
38255
24625
26555
28923
