30400
31545
30555
30403
31258
26889
30615
29481
29487
20172
20169
30202
20759
32249
30798
29153
29372
30433
20179
20500
34847
19601
18254
18690
18325
19325
17857
19065
18918
20231
19830
19486
17925
17439
19925
21629
19658
31410
31396
30550
18216
19896
23306
18557
20198
21365
19459
19354
25051
21529
32174
20913
19238
19056
19209
20366
21843
20663
20163
19159
39217
20216
21370
19038
21188
20948
20246
20285
20927
21547
26387
19326
18399
19487
18749
29992
17660
19511
21902
19296
31822
46559
29372
28156
28649
28692
28465
30092
29143
30389
28990
24670
20142
20834
28509
28269
35655
29637
28691
21729
