38746944
16049728
67223808
17659840
17573824
45695872
21144576
18608512
27542976
61264512
33739456
15661568
43270272
18168064
19354304
21832192
39932992
13076736
36142656
63894976
53237696
15069440
64880768
20095232
15911616
68770688
55243264
16299136
52876352
17150400
57635264
14982592
65709632
30764544
23430720
36604992
15762752
20579456
24174784
54372800
49318464
16366016
34502592
25874816
17248064
25088576
63734528
18337920
22940544
14062464
55136832
14729856
57728320
16470720
22670400
43260992
17809728
17422592
26973120
66323264
54170496
18326976
52756416
17378432
19117440
21010432
44466304
15865088
22758208
34634432
59897920
13496192
64114368
20290624
19045312
55622144
21339264
17220288
31389952
21423488
48373504
13464768
58767424
18259392
23529152
20268992
21026816
14617984
34411776
57986304
51805056
16927360
62771840
19962880
21129408
18809856
54392064
35990528
43134912
37556928
