8433664
7206848
10890432
7801664
7676736
7271552
7104192
7301376
13521280
44276992
9671040
7671360
7606144
7610496
23729024
7334848
8195712
7660224
11616192
15996352
9662784
7166208
7753408
12887040
53963136
7847808
11120640
10187840
13807360
38848000
8849536
7985984
11553984
7465664
8149632
7446400
9120064
8158464
14002432
51695424
9278720
8083712
44418048
8104704
7647744
8024832
7721984
15613504
63058048
20223936
8136128
9270976
10597568
7861760
7467520
7203136
7895744
8259648
52973760
23526720
8196032
9277504
11204608
7893056
7430976
7183488
10928384
7068032
44016128
25262464
9229184
7165760
17442240
47948608
8751680
11108032
7978880
24076032
10121088
7711360
8994880
7727616
11688704
8570624
7984768
8141568
8471936
7830848
42515648
20712064
7710080
7232384
7712128
11763712
8112512
8660032
7748672
8066496
50937984
11025792
