124443
103450
349976
97203
105447
296173
108597
106108
248152
370858
107105
96112
242517
114241
100943
170929
153795
92970
242260
412940
128222
98214
317215
106637
97372
377232
154048
97164
432268
95917
127726
106178
284011
163975
116541
286272
95613
102530
184490
349445
127250
108244
171266
114959
98649
227218
377063
105829
119626
98598
128546
107046
307546
91665
110308
326328
95906
102021
217845
413042
149607
102217
328525
97058
109567
177658
193815
102092
182432
437535
127242
98777
345564
110973
100525
363552
106182
99752
261637
103716
130221
95478
289255
101798
111414
247768
118369
102573
273786
259592
144779
96439
303981
101490
111843
211908
179243
111173
336896
140440
