269604
244318
254662
260749
211418
263978
264070
257235
350617
354680
243125
260820
263262
231981
407360
215766
245995
252082
396111
448167
254647
281443
243243
362957
581358
268540
390878
266838
272467
382634
250544
268570
295739
257030
281259
225096
274744
264501
394215
445562
246689
303717
402923
208388
263165
233494
263785
267805
631703
282131
249446
278881
239864
245501
262333
235958
261873
242251
345281
285509
249221
351005
269496
251275
261815
267042
273861
261902
311632
274310
243559
254202
301321
396616
254556
285140
276885
273643
260653
246512
255862
218718
269884
258093
266000
278198
270473
274054
450106
268213
262617
273505
278476
306383
273423
301723
286313
250234
441977
253794
