3079296
1056448
2910592
2409920
3420544
1491776
873664
1522112
1790400
1364544
4673984
1315520
2524928
778432
1043136
4706432
1330240
1186752
2374848
880896
1247872
2427904
1076352
16541888
1278784
1076928
2216704
1145216
1066816
1487296
1492224
5513984
959808
1394688
3004928
1482944
1050176
2591552
1057280
1307456
1841408
4669952
1217216
1392896
8667712
1091456
2360192
659584
806400
1509312
1670784
10700480
1214976
866624
1623232
1373056
1536768
1214080
886464
1469952
1541760
2540160
1753664
1390720
4001728
1486400
1273536
1495616
998976
1310784
11123328
1874816
888960
922688
1289216
1477312
872320
767680
850816
1333376
1661440
1489472
1294400
1299328
924416
9983040
1385728
840704
1100480
1141056
2011776
2742336
582080
1542848
1801088
7733760
1591488
1654848
17917568
