1606400
1670720
1426560
1430848
1743424
1047744
2123328
1692672
980992
942080
625344
1783104
992256
1490304
1581120
1602880
1035904
1394496
1403840
1859648
2008320
2417728
1411968
1798272
1300608
1401216
1710336
1113920
1429568
1571584
1095104
1723968
1495808
2647296
1428160
989696
1755456
1350656
1326720
2564800
1692928
1558720
1386944
1440256
1857792
1735040
3596928
3894592
1524032
1471808
883968
1225152
1266432
833024
1223744
1436736
933568
1282048
768576
966720
1304768
1396032
1418304
4311552
1289280
1367936
1240832
1524608
1034112
1596160
1355456
906304
1301312
959360
1245952
1639936
938880
888704
802368
1290176
850944
3608832
975808
1270848
862272
824512
1294848
1299072
1250368
896704
1724096
1396608
2584832
1548352
1468480
1275392
1595136
1521920
1404160
1270912
