98222
92107
135224
94060
91086
90668
93374
93667
91018
94050
91319
89747
98678
92714
88781
99430
89131
89565
115613
90975
88437
52353
53234
58108
92163
127346
95665
90518
94538
90942
93279
92684
89497
97760
148736
96656
88730
125906
95666
90446
91633
51514
51782
59303
53058
52019
87122
50890
51434
88454
52236
54436
91458
86654
92929
75333
54287
88290
87064
52407
87492
150824
57428
53766
87657
89855
87286
85076
87403
96013
41558
52271
56661
54046
51374
52957
87253
54457
59331
52140
99829
90952
91714
97165
91293
91576
99856
91370
92662
126725
96363
92105
91045
99338
91422
88035
161723
57620
96247
94194
