99556
92218
105677
96043
91580
69283
94691
90919
92295
90370
95555
95087
93358
93897
91663
93806
91111
94318
89232
88211
127830
108037
54016
51648
53975
61523
88062
54645
52107
51594
91477
56004
91360
54391
89683
123963
95304
93548
95813
91084
54743
56650
89447
54825
52874
63927
52647
51630
88964
93062
130345
131347
53732
89613
51757
86530
127151
88872
52480
52590
208528
124433
121543
92639
87463
53635
86827
86331
126730
122753
167034
53592
55302
54506
53330
135109
55378
52654
88260
53065
98734
276244
92299
97687
115789
95116
92020
91361
95616
92243
97144
62042
91601
91770
124022
93554
162175
93178
94407
92105
