81652
82356
80148
78306
83055
45651
95550
81404
44395
50270
44815
85241
43971
79948
81384
79851
44238
79293
79034
85822
114827
96927
77988
84353
80054
79228
81508
78369
80255
81546
44401
83716
78383
100353
79927
43404
84405
77845
78968
152251
83523
80827
78740
80285
112511
83726
80031
118731
79262
79036
44459
77483
77433
42247
76981
79989
44768
77549
42916
45427
78531
79209
78852
122630
77869
78608
76652
80735
45131
110608
79331
44150
78061
43999
49090
112043
44076
43509
42357
49358
43715
81968
44848
77729
42691
43735
77302
76970
77175
44041
83456
78574
153342
80937
81961
77242
80064
81540
77760
77049
