85141
81961
87925
102544
92703
83759
79919
80223
85740
78388
107333
85979
81503
49654
112572
108906
116712
84230
80041
78504
86564
83591
83022
197737
116180
82186
79338
114071
82879
80705
88539
149820
80129
86915
89153
88598
80609
84134
113590
85268
124778
115407
84308
79200
145812
113134
82312
45849
78521
83704
83590
55337
76066
43467
82229
79307
79968
76368
42615
80368
82771
94593
84508
78842
116125
79931
76857
80291
77631
77411
99179
87337
43363
43782
77580
80569
43327
43213
41656
77811
82932
79989
77928
78255
43493
54187
79503
42142
44494
47393
99378
82298
44315
121655
84051
261407
81870
82050
171092
