9135
8588
6556
7616
8064
8640
7720
7373
7306
7095
16314
6493
8667
6010
7177
10773
7940
7516
6404
6401
8733
8136
7209
17720
7367
6822
6552
6634
7521
6910
7006
14665
6215
6634
5840
6441
6591
5952
9524
6213
8995
11491
6787
6894
14767
7477
6658
6884
6658
6770
7583
4989
5021
4605
5478
5142
5136
4953
4697
5633
7629
7245
8156
7303
8954
7393
6976
7519
7017
6923
10689
6644
4584
4204
4865
5476
4834
4689
4565
5264
5284
5239
4929
5228
4745
3777
4820
4397
4812
4670
11709
7383
5624
7006
10254
18812
6987
7575
12353
