7722
7516
8231
6713
6918
7298
7155
7997
4664
9048
8173
7932
7430
7766
7495
9120
7208
6157
6271
8492
9938
8811
7674
7658
8024
6754
8352
6450
8708
8243
7204
7329
7870
11170
7243
7758
8197
7851
6812
8922
8092
7798
6547
8075
8978
7978
9813
12627
8829
7335
6605
4870
5054
4186
4773
5393
4085
4909
4572
6848
5761
9475
7421
11930
5911
6412
5724
8029
7534
6186
4706
4422
4762
4483
4734
5009
4236
4219
3935
4587
3985
9988
4559
4479
4485
4299
4654
5001
4815
4270
7672
7765
8955
7710
7453
7456
8569
6782
8377
6275
