0.0280948
0.0339577
0.0462637
0.0448719
0.0241548
0.0352283
0.0549794
0.0241801
0.0235962
0.0428676
0.0421056
0.0265378
0.029791
0.0365128
0.0270978
0.0329276
0.0354628
0.0281443
0.0262699
0.0357904
0.0371161
0.0244664
0.0331772
0.0284998
0.0448301
0.0421557
0.0436778
0.0428366
0.0292344
0.0286135
0.0396534
0.0293532
0.0248458
0.0346807
0.0373232
0.0338632
0.0242896
0.0238891
0.0359134
0.0310807
0.0461399
0.0311278
0.0360679
0.0439526
0.0279419
0.0300563
0.0243384
0.0346916
0.028426
0.0393065
0.043146
0.0314326
0.0321132
0.0237525
0.0481055
0.0345852
0.0344198
0.024216
0.0387362
0.0297509
0.0388826
0.0331408
0.0267877
0.0342306
0.0356271
0.0276086
0.035814
0.0351451
0.0238154
0.0323216
0.0274974
0.0282757
0.0377145
0.0256182
0.0228171
0.0322006
0.0323264
0.0326244
0.0302365
0.024449
0.0402405
0.0253602
0.0248523
0.0400048
0.0255082
0.0333013
0.0372213
0.0311327
0.0533757
0.0370897
0.0393621
0.0345721
0.0251083
0.0334149
0.030835
0.0438682
0.0286948
0.0304106
0.03547
0.0358591
