0.122846
0.112414
0.113438
0.121334
0.125912
0.174281
0.141553
0.117904
0.135146
0.123436
0.148869
0.150341
0.0697748
0.115278
0.145158
0.200873
0.105249
0.131405
0.0996854
0.152353
0.144003
0.178284
0.135821
0.113239
0.12632
0.0790323
0.126775
0.208143
0.263266
0.119706
0.173485
0.153877
0.152439
0.126537
0.127513
0.125246
0.146127
0.142518
0.0932442
0.130844
0.149879
0.140164
0.135481
0.1182
0.153528
0.129175
0.145087
0.228717
0.121773
0.140307
0.141607
0.151732
0.131142
0.0740089
0.14458
0.103409
0.122179
0.133719
0.183025
0.127208
0.159884
0.152411
0.124796
0.132109
0.117517
0.155618
0.111929
0.114359
0.137037
0.0757543
0.209509
0.151987
0.12354
0.121161
0.287566
0.130531
0.14156
0.123195
0.13923
0.224937
0.109101
0.188038
0.135853
0.156753
0.131384
0.182172
0.133981
0.120973
0.142326
0.128914
0.160996
0.185206
0.156682
0.19359
0.120733
0.331518
0.311312
0.236601
0.253345
0.239028
