170747
108297
192422
105831
135603
102549
99507
119051
235208
582395
182540
149500
106213
134743
390202
123582
165619
145812
244122
244208
140155
86617
129301
203132
760198
96807
125482
178871
242357
478903
171401
135774
213688
100254
144696
127276
165468
163880
222675
680561
178839
125944
568562
169177
106104
162380
120359
225266
850251
149123
145575
159303
233509
155990
106450
118670
120868
166130
768175
184727
134047
108084
193962
131767
103667
97856
195830
98417
602331
249537
180490
105713
327840
652192
175589
185592
136888
239610
164980
125160
201697
157561
236438
170459
134486
137896
165005
137443
532583
193403
108710
101553
120441
194014
129997
144769
128154
166083
586670
177511
