186677
32406
842282
35674
119538
630256
126332
72879
263532
707164
152728
71907
552670
127453
75562
190032
264709
61610
338006
813961
271421
79363
745315
83981
66936
805472
630750
27373
780130
37527
363446
32127
737538
305885
123931
469317
82228
41609
212232
645059
240603
109581
356426
143510
30386
253952
695887
107159
81347
30142
272418
39762
695497
33225
95725
598075
43345
34575
275655
788543
311798
34337
705249
38244
90048
156012
295488
71210
180635
477358
285188
36295
770278
93679
38599
765830
43336
29773
378618
111482
272098
33672
678988
31700
93063
185101
169794
32035
326764
624150
263109
29567
748007
51005
106842
162499
442640
134724
372817
269562
