46603
5584
46865
6222
6046
19423
6015
40973
5219
74830
42752
40560
41622
8396
5295
42564
12173
4828
5208
5723
11591
6850
8487
42484
69036
11330
41798
10227
6523
40922
10917
9307
9457
9843
43086
46853
6939
7097
22288
6368
43675
7961
7187
6659
60468
42589
10497
6983
6499
11136
43569
7849
6921
10301
47339
41450
6189
42184
12859
9321
88827
46947
22888
42939
6500
48084
42951
42491
11838
6183
188495
8016
5892
40822
11131
40496
40848
40205
40987
10785
7047
5770
6071
5235
41666
56383
40854
42183
45544
40694
10128
8868
7252
12417
6590
48875
7562
41959
6647
7839
