45248
41260
8426
43842
18657
48142
6880
6537
40633
9569
5935
40214
50583
14606
41300
236472
49356
46480
9041
43780
9404
6969
42801
7396
7036
46547
8525
7718
7312
7427
8535
47074
42178
7659
7218
41910
15546
7239
7787
250900
48695
8016
7667
48938
7898
7238
49582
7597
47482
8258
6225
8968
9206
6485
6689
115903
13213
13539
8537
8000
41236
41221
41111
15519
80064
7187
11611
7039
7135
41060
5882
5149
6477
4727
40234
39692
19807
4683
4833
4770
42004
23165
15485
8922
8039
7644
8368
8648
43898
7277
43551
47667
7999
6989
7291
6574
49467
42764
8842
49779
