6046676
4531680
3140380
21554594
5560116
6146154
4218012
4241796
4799681
3806875
2914371
4607283
22694285
13804060
4638386
52995113
34238571
5673850
5177439
5887392
4725662
5108201
5535132
4508285
4818278
5903801
5150101
4703540
4656611
4614399
4813811
5959396
5809611
4868967
4268315
5685099
4776190
5079612
5339328
45332307
6698030
4465617
5346593
6621984
5613712
5331364
7482157
5403917
6528897
4489738
2912212
3093289
3054821
2977068
2968832
9095514
5442533
4690066
3994008
4512521
4603557
4617650
4593992
40819630
5945385
3351485
4594403
4596115
4360234
4582022
2913232
2837371
4227464
2870379
4598842
4134695
5129797
2846090
2815021
2837806
4296213
62460475
49388015
5525651
4949032
4585764
5043908
4670208
6995669
5103149
5832640
6225696
5235184
4319802
4249022
4982428
6583074
5901570
4488260
8205826
