6100193
5171045
7295799
5636116
5616034
6599808
5401226
6984564
5257124
8154436
6941275
6908110
6663415
5426443
5160336
6514017
5631837
5154127
5191659
5598243
5415019
5239352
5522419
7272192
9316205
6764458
6743080
5706835
5569339
6975281
5640410
5393129
5286395
5886603
6948820
7400705
5316315
5598275
6366248
5553675
6715061
5521159
5438426
5441483
8915376
7632685
5809926
5381960
5338050
5684520
16247824
5201461
4886797
5896050
6558270
5917558
5400314
6857373
5782825
5446735
18119079
7084022
5889804
7334130
5415287
7660216
7263055
6071163
4132473
5448746
82729684
5564351
5216287
6448606
5566434
6644238
6620233
6590754
6483820
5282487
5560766
5188150
5258214
5196325
6505826
9631845
6519522
7269262
7016250
6498860
5632532
5921969
5414337
5948397
5411446
7269865
5646766
7108342
5422279
5648135
