3170048
3038528
3323328
4533056
4377152
4320192
4273152
4335424
4225728
4258880
3640832
3310784
4460288
2357888
6381440
4917760
5270016
4467968
4175936
4282240
3178752
3212864
3157632
14940928
6449920
4390656
4148800
6313664
4314560
4229888
3356416
6030336
3059392
2623872
2570496
2691008
2533504
2504064
6277184
2792000
5303616
4086208
2685760
4300480
6596288
6273664
4262016
2277184
4307328
4370624
3115072
11119680
4165824
2234880
3218624
3040000
2535616
4242624
2205952
4377408
4128832
4767168
4393664
4316224
5099968
4278912
4252160
4404288
4237248
4327040
5353920
4324928
2271040
2328960
4269952
4325760
2283328
2293504
2232832
4354560
2451328
4309888
4218624
4301824
2277248
11032320
4289024
2233024
2319040
2342528
3499648
3226048
2302784
6157376
3234688
10769280
3047808
4430272
19186432
