4323392
4401472
4352320
4346624
4393344
2362368
2170688
3209088
1055104
900672
2244800
4451456
2272512
4347904
4380608
4354624
2251264
4186432
4281216
4476096
6252480
4454720
4251712
4387776
4362048
4340736
4115648
4302080
4281344
4389632
2232000
4422272
4280000
4468416
4272832
2260800
4431936
4272832
4157120
8457344
4322560
4148224
4262592
4273856
6307392
4373184
2931968
4666368
4216512
4283392
2237440
4275776
4321920
2286336
4294464
4349824
2248192
4289920
2295552
2172160
4225984
4234880
4311616
4824448
4198592
4298944
4218304
4328576
2242944
6265088
4155456
2283392
4298880
2317632
2387456
6376128
2211072
2279936
2262208
2437376
2293056
3008832
2227520
4283904
2274048
2296192
4288576
4289344
4241344
2320832
4242880
4298048
8447168
4336704
4398144
4304448
4359168
4351808
4273792
4284672
