39595
13913
200552
14642
15342
175630
17303
15104
145073
199093
32346
14426
141964
28817
16004
74874
50844
10640
133138
217974
51839
15616
192652
23542
13049
227335
51833
13015
246443
11896
42476
13339
161005
36636
23348
144787
12977
14406
94976
187573
51273
17155
88545
24048
13493
119178
195738
19554
26016
13613
52880
17039
189097
18593
24358
193056
14842
15287
104288
231528
54968
16413
181322
12561
24557
79931
69144
15522
78128
213416
55776
14478
197245
27216
12734
220271
15136
13881
139385
14793
47630
12809
177564
12482
27052
96598
26770
13238
150234
132433
54455
13146
177242
16950
27219
87087
78689
27580
215977
39995
