118757
96522
128871
90151
118528
91227
89110
107361
164722
142189
105224
103883
89080
121260
134102
108716
110573
95932
166141
132641
87870
74500
111874
107825
214507
85614
106803
94740
105340
168819
108965
85219
110292
87182
89936
115289
96751
114330
144869
186886
111493
68737
152228
112926
90487
108514
104856
137579
205323
83214
90548
86096
136581
104041
91418
104865
107986
112016
177074
77550
108957
91584
129925
117284
88111
86208
90180
86651
154751
104776
110571
93711
140903
196235
113979
85633
84004
89562
114412
114015
105007
107496
127685
113188
86357
87011
112936
86300
138489
121486
90719
89375
72030
86514
78627
89796
78219
114769
290498
106392
