12549
9514
14846
8833
9008
8493
9206
9706
9230
9221
8527
7878
9534
9830
7314
10165
7730
7914
15665
9025
6492
6091
5806
6354
9184
9589
9349
7267
9556
9235
8983
10226
8687
10101
15663
9461
7447
10021
9101
9599
6553
5935
5769
6499
5928
5743
6585
5358
5764
6371
5621
5973
5920
5869
6582
11701
5972
5889
6427
5589
6432
17452
7535
5786
6478
6249
6252
5823
6078
6608
8144
5564
6155
6186
5480
5411
6143
5916
6048
5563
8519
8242
9164
9215
9711
8920
9868
8862
6848
9689
7813
9800
9190
10240
8981
6952
18585
8729
9199
9935
