11528
9381
10679
10746
10236
10402
9940
9544
10331
6729
7972
10845
7821
10750
9030
8893
8750
10061
7159
7396
18701
8110
7161
6449
6162
7222
7038
6880
6213
6312
6325
6194
6911
6049
6690
11307
9080
9811
10243
9604
6559
6494
6454
6366
6180
6067
6252
6195
7012
6877
28014
7147
5648
6615
5875
6397
7216
6237
6125
6202
19540
8215
6329
6290
5948
5946
6480
6027
7402
6997
6721
5940
5851
5484
5413
11062
6785
5345
6642
6216
10435
15432
9461
9964
9161
9477
9607
9598
9734
9720
10757
9171
6829
6754
9029
9317
11126
10033
10268
6931
