34324096
25849536
29191232
46266688
24710976
31960448
51072448
25969920
23019072
38237248
37639680
23734656
25553792
24562112
24206912
34212672
23986688
25886336
23662464
25178880
50830848
24072832
24696448
24503104
35222720
32365696
37915648
26347968
24922560
33919936
47898624
24494016
24426688
25658624
43415296
25289600
24284096
24667072
25072128
36859200
52082112
24979968
24653824
38636096
25651200
23466304
23027776
24100736
23846464
28817728
70040256
24843904
25141568
23971520
44332480
25342272
25027136
23533440
56052032
24999168
48456832
25210304
24888704
24514944
45540608
26742656
24420544
36878784
26176832
24399744
38009920
25184384
27478080
24362432
24578944
25029248
25086656
25392704
35099328
23953600
48493888
24126016
24205248
25058304
26654016
25098752
35011648
26526144
31196608
27036480
50322304
26366976
24727040
26639296
24656256
38965824
25904960
25216256
25435584
36035008
