14783040
58288960
14283392
26717248
16518144
18237888
24923520
13892928
16055680
25390528
25108672
51505728
25305024
16271872
24982656
17737664
14329856
24323200
14392192
24500480
25063744
42504832
24838144
14373504
16399168
35357504
14339776
18071680
40678784
14582016
29533696
43778624
27007040
25650880
14159232
15993536
26277952
15053504
27036160
16418240
26490112
41446912
14606400
26381632
27058112
16238592
16641216
16753856
16307520
24449472
27125184
52301056
16697408
27811968
24528256
24846336
16819264
16767040
24803328
16889536
35508800
42416512
16790656
24733376
14539072
25192640
14309696
14457024
24750016
24712448
27333248
51602368
14341248
14100736
33986176
19070144
25021056
16232512
14689472
28440000
24622656
43419008
14585024
25158720
14433728
27319424
14579136
13988928
24677504
10358528
25470016
114291712
27373632
18158400
27518976
320676864
186901120
127316288
136899456
184917248
