10371
11237
11719
12651
11219
11895
10954
11066
10549
10742
16777
9860
10628
9793
11152
13709
11848
11038
10534
10951
14154
11356
12356
19708
12182
11096
10292
12117
9963
10537
10402
16986
11036
11087
10276
11539
9992
10242
11702
11410
12190
16868
11236
11605
20545
11959
10973
9220
11461
10860
13526
11497
13551
16281
14897
14365
14030
14082
17308
14411
25152
23830
25272
24799
25044
24434
24505
24987
24723
23958
19273
14829
13253
12568
13284
15509
13346
12490
13099
15083
13544
16112
13965
13582
14846
11938
14140
12153
12722
13611
15043
13360
12016
15137
11474
25598
10559
15512
17847
