12282
11837
11576
11066
11315
10056
12308
11389
12091
11093
9688
11795
9895
12276
10965
11295
10857
10717
10816
12725
12770
13586
10776
11742
11631
11871
10843
10585
10802
11923
10220
12002
11216
15561
11092
9662
11613
11372
10934
13773
11466
11078
11285
11440
12997
11615
12180
18433
11193
12689
13624
12926
12430
12284
12720
13729
12129
12363
16294
13310
15960
25103
23699
28038
18159
23516
16422
23700
20159
20859
13044
12293
13192
12462
11717
15131
12071
11354
12646
12115
11404
18062
11589
13515
12646
12193
13741
12947
13353
11879
11276
11044
14781
11602
11715
11241
11928
11720
11950
11076
