610001
1116399
546365
669217
609426
979904
672811
572243
676729
813143
736614
747133
891910
550906
702406
1072093
505967
640318
616133
745926
709105
892580
658736
550852
610363
1000240
607103
1057364
1307559
574867
873673
744044
757113
1190414
620458
591589
705210
722530
839582
628354
754035
689312
640544
1061821
752725
619378
714488
1052124
679151
683832
702874
744974
654416
1000379
708845
944075
599334
628011
911508
620240
801762
769282
621130
645775
594776
978463
536673
560329
668304
790502
1095455
743068
616491
610085
1455606
726263
744454
621812
694657
1134316
538752
934766
653892
763447
633215
1181565
647734
579364
692721
629201
806506
1210253
779764
965056
794368
3373454
2178470
1266566
1316429
2686361
