833723
1150966
1381203
1310720
705889
1014137
1592216
773318
696470
1275620
1338614
781340
845729
1053180
784146
974225
1032433
801746
778439
1063649
1082204
730308
966304
814149
1337759
1458166
1490218
1227970
848715
810800
1155273
855935
811865
1042960
1308793
1095643
707013
691145
1046479
1016762
1411846
1014139
1043710
1288935
813184
876116
696490
1017367
819984
1277817
1404919
934283
1053089
695461
1709780
1071326
1011353
698783
1270193
970741
1124523
964139
791005
998387
1045501
806862
1059440
1034757
778416
959085
776799
823628
1128894
844207
757157
1058266
941190
1072555
995655
718811
1205380
746754
787338
1163329
736413
970060
1084992
929471
1599780
1071581
1135917
1138163
716850
965283
906626
1400713
841585
1014045
1029008
1161083
