4445440
4406400
5295424
4393152
4436480
4432576
4471552
4514432
4450688
4519936
4405632
4477632
4592576
4473280
4517696
4599104
4466944
4449216
3120832
4356352
4429056
2388352
2446784
2511232
4460800
6530880
4376448
4494848
4495552
4437952
4415040
4455232
4448384
4374784
5340800
4454272
4449728
6455424
4534464
4421824
4412608
2326272
2369600
2584256
2393856
2408960
4455104
2392064
2391872
4475136
2346304
2463104
4550784
4419392
4533760
1321728
2313792
4472832
4415168
2432640
4344448
6544000
2446400
2452288
4443264
4483520
4471296
4412608
4478144
4592832
720064
2320768
2510784
2384576
2377472
2458880
4506112
2463552
2547072
2402496
4501760
4485888
4482176
4589632
4469440
4494592
4329536
4437824
4427456
6425536
4523648
4450752
4449280
4591872
4478016
4469440
5305024
2381184
4520640
4508736
