4437824
4420160
4575808
4436736
4447424
2376000
4447744
4405056
4443008
4520000
2524160
4511872
4430912
4439104
4457536
4403456
4447808
4499776
4451456
4465344
15194432
3167040
2313600
2341376
2458880
2533248
4378368
2423040
2360576
2331584
3176832
1645824
3272576
1710720
4489664
4345600
4397504
4454848
4542144
4446720
1506048
1634240
3222720
1395968
2456448
10401920
2362560
2327488
4469888
4513152
10746560
5189056
1097792
4427456
2385024
4434816
6580032
4464320
2389440
2407168
22872128
6248192
6373952
2849920
4411776
2432512
4425024
4528320
6404032
6453120
6877952
1189184
2295104
2442368
2399104
6519232
2398656
2412160
4484992
2400896
2737856
13387328
4411648
4583168
4677504
4363648
4456896
4420096
4552384
4483008
3337152
2591680
3291968
3326016
5167872
4302272
8471488
4504960
4473728
4537472
