1285952
1207168
153856
110528
175360
2126848
116416
100864
1171648
164800
94656
2058304
1489408
274176
1169792
3267584
1456960
2121856
111232
2109504
118656
96896
2110336
104896
94656
2176832
119744
120640
110336
103808
109504
2228800
2100096
118144
101760
2095168
254016
99712
106048
362048
2251072
115648
107712
2288320
108480
97280
2299648
95104
2223744
104576
85312
168128
134144
83264
94720
5160960
131392
125504
115648
103488
1187264
1225408
1216256
377536
2778816
103232
193792
108672
100672
1221696
93632
87232
104384
67968
2022144
2046720
134848
75904
65920
74432
2132864
286592
171904
122432
113280
121920
120640
132352
2105792
96576
2076160
2249728
111424
100096
104128
82304
2305664
2107712
109504
965376
