1264192
76224
1314816
80704
87744
333760
85248
2079808
85504
4210944
2103872
2112640
2080896
156608
85696
2126400
238528
88000
92480
95552
174336
93056
89472
2099456
3888192
2965184
2051008
183296
81344
2041728
136640
108864
104320
121536
2219200
2085056
94656
88512
476992
85504
2086848
108032
77312
105984
3859200
2056960
171904
101696
109248
201024
8882752
95488
98176
8835200
2158336
2063488
89408
1220928
187520
100928
10911104
2141888
534208
1253120
97536
1407360
1254208
1250752
208768
70272
29274688
100736
92800
2083648
202432
2081472
2082240
2077696
2118592
215296
82880
89984
78208
90176
1216704
3385664
2100864
1243200
2239232
2073024
117504
101504
76864
214720
90496
2235520
86464
2093184
102272
82112
