0.112669
0.0158843
0.365397
0.0162646
0.0886588
0.250502
0.093635
0.0496039
0.0624869
0.265084
0.0942438
0.0491557
0.26443
0.0821731
0.0465796
0.0840859
0.166922
0.0441928
0.130429
0.297543
0.163424
0.0485815
0.337355
0.045525
0.0461121
0.305049
0.405793
0.0141517
0.281087
0.0199627
0.230535
0.0158068
0.339861
0.215992
0.0802408
0.183918
0.0665914
0.0220347
0.0848224
0.277733
0.149741
0.0787944
0.196483
0.0994262
0.0130709
0.0823962
0.2775
0.0748541
0.0475593
0.0139661
0.164113
0.0182787
0.281899
0.0145355
0.055272
0.218821
0.0218912
0.0151223
0.10642
0.267231
0.191544
0.0155367
0.304809
0.0199362
0.0558376
0.0498771
0.145776
0.0478363
0.0678123
0.128753
0.164323
0.0169477
0.318466
0.0546428
0.0200864
0.280854
0.0217658
0.012269
0.13787
0.0736021
0.177424
0.0161086
0.289707
0.0147508
0.0537136
0.0563136
0.110971
0.0158969
0.102365
0.298202
0.163393
0.0126107
0.325935
0.0269325
0.0609871
0.0519571
0.302189
0.0862857
0.0815316
0.190826
