0.143542
0.0354358
0.173189
0.0465782
0.051788
0.0334786
0.0311888
0.0343861
0.134205
0.7316
0.224097
0.132458
0.0505422
0.0390885
0.504887
0.0450177
0.15937
0.146134
0.135051
0.138473
0.156021
0.0366978
0.0508699
0.181923
0.612058
0.0324492
0.0416262
0.241446
0.362229
0.490762
0.178194
0.151598
0.272818
0.0377135
0.158173
0.0354494
0.196059
0.138529
0.116683
0.562741
0.193138
0.168215
0.616454
0.166084
0.0458746
0.15948
0.0451362
0.177679
0.622309
0.188045
0.161946
0.213824
0.263491
0.15397
0.0446046
0.0418839
0.0370855
0.157332
0.864858
0.298093
0.0741253
0.0420487
0.170981
0.04119
0.0467632
0.0348741
0.305157
0.0357708
0.78857
0.349578
0.202855
0.0363167
0.453916
0.584738
0.174044
0.28014
0.155451
0.422366
0.143609
0.032547
0.273424
0.149528
0.286135
0.162509
0.144796
0.146203
0.144809
0.149423
0.541658
0.182986
0.0525495
0.0360144
0.142847
0.29069
0.152273
0.154784
0.146521
0.143392
0.327869
0.197793
