0.240338
0.548142
0.240344
0.238253
0.246489
0.269479
0.243313
0.24483
0.246035
0.345291
0.238157
0.247415
0.711361
0.240455
0.242119
0.256495
0.246767
0.24454
0.319578
0.244169
0.242493
0.241984
0.243943
0.246547
0.242369
0.712647
0.244522
0.240814
0.235993
0.233846
0.248321
0.235317
0.246985
0.506226
0.238947
0.241487
0.247177
0.240698
0.493835
0.243145
0.240908
0.245957
0.241406
0.487239
0.240755
0.244681
0.242876
0.226912
0.276202
0.248856
0.234144
0.247378
0.248846
0.765806
0.238893
0.501903
0.241958
0.227668
0.245923
0.245204
0.237351
0.244512
0.241328
0.241633
0.255845
0.321354
0.238001
0.246057
0.243263
0.539307
0.2448
0.248621
0.242187
0.254005
0.242833
0.241874
0.246376
0.240308
0.247442
0.238213
0.244749
0.240228
0.240721
0.240324
0.241474
0.320267
0.24164
0.246456
0.243701
0.236507
0.239686
0.324398
0.239897
0.239572
0.341285
0.460116
0.33456
0.251856
0.249856
0.497437
