1.83107
2.0483
1.83062
1.7859
1.80266
1.7739
1.75956
1.94642
1.81908
1.82256
1.93853
1.79429
1.73853
1.77726
1.7801
1.80581
1.78691
1.76387
1.82886
1.83135
1.79787
1.84492
1.78973
1.757
1.83014
2.00246
2.05419
1.75504
1.79397
1.74183
1.86993
1.7939
1.98752
1.79435
2.12735
1.96248
1.78136
1.78042
1.79711
1.99693
1.87347
1.97603
1.76828
1.79526
1.78791
1.79934
1.77003
1.80286
1.76284
1.96901
1.99219
1.81811
1.99095
1.80201
2.14871
1.88722
1.8022
1.78805
1.99144
1.97684
1.77998
1.78897
1.81333
1.80024
1.81053
1.80253
1.82222
1.80383
1.98967
1.8219
1.7566
1.79285
1.83876
2.01293
2.01336
1.99435
1.77944
1.99889
2.0103
1.81224
1.83315
1.81998
1.94598
1.7853
1.78814
1.78611
1.78784
1.82111
1.80811
1.77761
1.77646
1.99369
1.76462
1.78406
1.81432
1.93482
1.80473
2.02803
1.7897
1.96536
