0.00645831
0.00287045
0.0230349
0.00259328
0.0031233
0.019368
0.00351539
0.00307904
0.0151585
0.0207103
0.00558795
0.0029552
0.0186051
0.00553035
0.00289502
0.011099
0.00861344
0.00225987
0.0172109
0.0219237
0.00810775
0.00267486
0.0240143
0.00386893
0.00267497
0.0242825
0.00739193
0.00311385
0.0261182
0.00217956
0.00627653
0.00277366
0.0191916
0.00629219
0.00414805
0.0165026
0.00297247
0.0027093
0.0138817
0.0229462
0.00854225
0.00354452
0.0131811
0.00467546
0.00239499
0.0144953
0.0220001
0.00378657
0.00479621
0.00280719
0.00845146
0.00315141
0.0208128
0.00418489
0.00404686
0.0205799
0.00267794
0.00272019
0.0128336
0.0222594
0.00873188
0.00334312
0.0214601
0.00230124
0.0046353
0.0105466
0.00914099
0.00309235
0.0103872
0.0208001
0.00831939
0.00257431
0.0218311
0.00501991
0.00231004
0.0227147
0.00277564
0.00242299
0.0160601
0.00258709
0.00827104
0.0022635
0.0210539
0.00229312
0.00492599
0.0123433
0.00471286
0.00270537
0.017291
0.0162814
0.00910025
0.00236687
0.0203669
0.00310276
0.00451885
0.0120985
0.0136168
0.00497921
0.0221751
0.00707208
