0.128132
0.113496
0.134413
0.105129
0.142398
0.105224
0.104531
0.124086
0.102254
0.0620064
0.116996
0.118987
0.10265
0.139837
0.0894204
0.129576
0.126452
0.110631
0.0916513
0.0323734
0.101238
0.0872709
0.128759
0.0577596
0.0567651
0.0976611
0.091722
0.103661
0.101342
0.0810588
0.121105
0.0997134
0.104205
0.0987034
0.101546
0.13495
0.107414
0.125546
0.0566658
0.0419066
0.125043
0.0765306
0.0615356
0.131683
0.103493
0.125897
0.119653
0.0882887
0.0398211
0.0880632
0.102841
0.0967932
0.135653
0.122061
0.104327
0.125106
0.122293
0.128395
0.0556456
0.0797561
0.127094
0.0897461
0.126903
0.130925
0.103081
0.101071
0.0979235
0.103152
0.0724404
0.0936987
0.125093
0.111648
0.119004
0.0551963
0.127043
0.0901113
0.0970243
0.0909662
0.127123
0.131108
0.116051
0.126237
0.123775
0.126682
0.100777
0.0971135
0.123927
0.0990531
0.037811
0.118096
0.10291
0.103789
0.0824335
0.0797268
0.0906163
0.0985939
0.0897694
0.125897
0.0870113
0.11497
