0.002095
0.00158
0.001238
0.001226
0.001342
0.00333
0.001243
0.001257
0.001097
0.001236
0.001897
0.001195
0.00141
0.000891
0.001563
0.001235
0.001878
0.001264
0.001135
0.001085
0.00279
0.001375
0.001359
0.00234
0.001768
0.001153
0.001083
0.001507
0.001318
0.001198
0.001138
0.001655
0.001018
0.001083
0.001034
0.001065
0.001159
0.001092
0.001925
0.001185
0.001859
0.001247
0.001168
0.001226
0.001189
0.001734
0.000948
0.000864
0.001144
0.001171
0.00114
0.001316
0.001013
0.000741
0.001064
0.001027
0.001058
0.001026
0.000785
0.001076
0.001137
0.001156
0.001153
0.00113
0.001042
0.001137
0.001115
0.001154
0.001151
0.001104
0.001181
0.001181
0.000733
0.000737
0.001065
0.001105
0.000747
0.000752
0.000754
0.001073
0.001078
0.001073
0.00104
0.001039
0.000784
0.001397
0.001076
0.000715
0.000738
0.000794
0.001421
0.001324
0.000815
0.001609
0.001445
0.002454
0.001128
0.001288
0.002431
