0.001356
0.00139
0.001537
0.001332
0.001267
0.00113
0.001256
0.001465
0.000728
0.00091
0.001298
0.001174
0.001256
0.001587
0.001429
0.001965
0.001081
0.001228
0.001344
0.001269
0.002077
0.001454
0.001567
0.001391
0.001606
0.001228
0.001824
0.00128
0.00137
0.001411
0.00125
0.001232
0.001697
0.001113
0.001222
0.001208
0.001353
0.00143
0.001174
0.002042
0.001486
0.001582
0.001219
0.001412
0.002027
0.001249
0.001221
0.001248
0.001666
0.001351
0.000826
0.001057
0.001062
0.000756
0.001048
0.001064
0.000739
0.001036
0.000791
0.000897
0.00112
0.001417
0.001251
0.001028
0.001185
0.001163
0.001066
0.00121
0.001043
0.001473
0.001062
0.000767
0.001052
0.000786
0.000782
0.001271
0.000768
0.000734
0.00072
0.000783
0.000713
0.00091
0.000783
0.001084
0.000834
0.000771
0.001081
0.001063
0.001114
0.000784
0.001497
0.001614
0.002065
0.001412
0.001389
0.001318
0.001799
0.001272
0.001636
0.00124
