998080
877248
581120
3785984
621120
895360
490752
471808
783936
613184
397184
809920
4346496
2382720
859264
21340288
6840128
861184
541184
889472
455872
495680
865856
479168
468416
1042752
526016
428160
485696
474624
553792
931328
881024
516352
482816
859392
912768
509568
203840
3199040
1255296
492032
539456
1318528
543808
522752
1363008
499200
1210112
498816
415680
664640
597376
413824
385792
3449408
609856
489472
511424
401152
868224
855296
866816
7262720
1470976
414016
737472
470976
472256
866432
266752
397440
451264
376064
784704
679808
766912
384512
378496
348480
880640
10825024
8249792
620352
526080
495232
509504
541760
793856
514304
881536
1147328
518848
460224
444352
385984
1315840
890112
541568
3460608
