1026240
597952
1015232
571264
601728
1225280
609152
936704
593472
1448320
1022080
984448
907776
791360
617024
1047360
1065280
606400
616128
628416
662656
579648
713280
943296
3037376
3788352
936640
664000
578368
861568
846016
571136
588352
671424
1160768
1056512
637760
587136
1305984
557696
1049344
649152
643520
595840
2622976
952832
820928
608064
622592
857024
12683008
600896
598080
9170880
1184704
911616
579648
1096192
897216
624768
14342528
1084352
1882240
1102912
561280
1463168
1041856
1036800
852800
593216
43691200
619456
611072
981952
921088
930752
900160
698240
1081280
880768
652672
620992
642944
624768
1074560
6389440
1038784
1021440
1262016
984384
818816
703488
656832
962432
582272
1383936
638848
1070272
591680
602560
