0.0702784
0.0665913
0.0639974
0.0720615
0.073086
0.0798844
0.068583
0.0678671
0.0715627
0.0366345
0.0410959
0.0724787
0.039262
0.0731523
0.0663031
0.0646328
0.0639945
0.0712832
0.038734
0.0412185
0.0229845
0.0374363
0.0471113
0.0437752
0.0414338
0.0424026
0.0367536
0.044891
0.042163
0.0416126
0.0328843
0.0406548
0.0356813
0.0421203
0.0339021
0.0255081
0.0608672
0.0689975
0.0703521
0.0696543
0.0444562
0.0435703
0.0327889
0.0433939
0.0417338
0.0224203
0.0421962
0.0417673
0.035402
0.0330563
0.0180417
0.0276769
0.0377215
0.032985
0.03871
0.0316656
0.0276138
0.0311497
0.0387029
0.0404039
0.0210841
0.0316883
0.0260381
0.0314015
0.0297745
0.0374127
0.031965
0.0303124
0.0291478
0.0281061
0.0227896
0.037595
0.0382122
0.0360743
0.0364161
0.00997731
0.0439739
0.0359041
0.0324166
0.04039
0.0682776
0.0401526
0.0683616
0.0653713
0.0478237
0.0665646
0.0688937
0.0706205
0.0681839
0.068809
0.0700434
0.0840506
0.0382457
0.0374172
0.0416519
0.0673839
0.0523134
0.0742402
0.0706169
0.037095
