0.0771029
0.0647677
0.0593176
0.0616075
0.0647447
0.061234
0.064467
0.0634381
0.0663555
0.0648364
0.0475491
0.0451779
0.0636444
0.0688215
0.0434864
0.066616
0.0434597
0.0437644
0.0574275
0.0663034
0.03516
0.0439185
0.0426393
0.0413927
0.0665205
0.0537673
0.06691
0.0426021
0.0662937
0.0649372
0.0638811
0.0707951
0.0649351
0.0670478
0.054925
0.0644485
0.0419414
0.0569638
0.0626827
0.06676
0.0342794
0.0414756
0.0411092
0.0442431
0.0432173
0.0411597
0.0362861
0.0384627
0.0413471
0.0331631
0.0385182
0.0409206
0.0295882
0.0312851
0.0322601
0.0159632
0.0391157
0.0297906
0.033795
0.0381228
0.0328299
0.0259288
0.0472919
0.0396488
0.0318925
0.0316642
0.0323513
0.0306744
0.0312124
0.0311275
0.053017
0.0398443
0.0417832
0.042684
0.0391476
0.0377295
0.0323063
0.0411411
0.0386551
0.0393145
0.0438332
0.047083
0.0671416
0.0628874
0.0689495
0.0657747
0.0650282
0.0655313
0.0380529
0.055159
0.0414316
0.0668576
0.0673884
0.066962
0.0659286
0.0404955
0.0586114
0.0796603
0.0629723
0.0669448
