0.01032
0.012368
0.008843
0.012265
0.009228
0.012139
0.009462
0.012408
0.010732
0.011288
0.010395
0.016341
0.009314
0.014171
0.017507
0.008992
0.016628
0.009869
0.013895
0.018552
0.012786
0.01051
0.010054
0.009397
0.019003
0.01539
0.020443
0.008113
0.011681
0.011277
0.01107
0.011016
0.014625
0.01018
0.013547
0.010899
0.012886
0.011364
0.014976
0.015717
0.014732
0.009146
0.017901
0.00952
0.013862
0.008926
0.013219
0.005544
0.021201
0.01163
0.009849
0.012276
0.011933
0.007275
0.010601
0.010694
0.012743
0.011535
0.010813
0.013998
0.010589
0.014998
0.008906
0.012831
0.012376
0.009866
0.012902
0.011069
0.011878
0.014692
0.008278
0.012732
0.017943
0.015821
0.010302
0.008962
0.012426
0.009596
0.013569
0.012205
0.013213
0.009909
0.010655
0.01257
0.014355
0.01069
0.013937
0.010899
0.015448
0.011084
0.010642
0.010258
0.011459
0.013988
0.010676
0.013975
0.010353
0.013641
0.010142
0.013255
