0.077939
0.063625
0.070718
0.072861
0.068876
0.07501
0.063791
0.065483
0.087913
0.072147
0.074642
0.065967
0.073442
0.064446
0.070322
0.070726
0.066089
0.066418
0.067981
0.076636
0.08045
0.076495
0.066689
0.071747
0.064044
0.07031
0.071955
0.057233
0.069271
0.07278
0.082069
0.068755
0.066741
0.063139
0.067537
0.079268
0.057134
0.071554
0.05966
0.058497
0.068753
0.066171
0.070134
0.065037
0.072028
0.078577
0.071065
0.067817
0.062361
0.069151
0.077411
0.071054
0.075439
0.056295
0.071736
0.078215
0.069243
0.072178
0.074274
0.080482
0.083019
0.063998
0.074457
0.074416
0.066867
0.073434
0.078158
0.068465
0.073364
0.079594
0.088985
0.073629
0.074482
0.070192
0.07383
0.078619
0.068855
0.074347
0.07549
0.072377
0.07235
0.07519
0.076905
0.077063
0.064402
0.068346
0.069925
0.067624
0.070937
0.076144
0.084649
0.077245
0.074257
0.070944
0.071857
0.071149
0.056593
0.072632
0.075511
0.062837
