893803869
1787598330
866953558
992789981
871215835
1012061758
855555093
873621482
901329491
1185761816
890654876
894525797
2300884023
860209619
871005313
960691902
865317265
877112446
1112539042
881287342
886363546
901173208
873007180
875615041
869734960
2278095719
861984938
914397222
894004587
864415786
906483852
870358388
894001577
1693376413
875854595
850211668
868681040
912554958
1620740998
864419183
905573088
885222741
851026152
1616984196
882512204
863079385
886420047
828019334
1003894553
877291834
893438683
883764012
898223839
2433062382
882500767
1643316376
882965274
845371587
896444322
877644772
902636834
908534061
895888756
879873802
911015618
1131767402
863054679
881955516
877825741
1878313130
941160252
880025704
898236648
906358607
911126424
1001506675
946604172
908524765
898070944
907706036
888855753
894809581
866379409
876670948
867525968
1167475122
870216757
862054918
876087689
878539480
901704517
1176232330
895810551
897307839
1184319693
1831641851
1259588539
963571839
935314165
2022964587
