5341564191
6100937454
5373895851
5257848214
5260228491
5181765722
5212843827
5756689549
5312914452
5356296954
5722534169
5299658655
5109977155
5191942177
5208780321
5325632176
5240369818
5127652408
5333830529
5349388051
5248305210
5372900998
5242594804
5142034911
5371315684
6226194635
6141322018
5159942954
5225643169
5100532942
5244166044
5248770328
5881716705
5413184602
6311969568
5823895829
5239382210
5207647358
5245010492
5888444312
5507868289
5864369949
5208732200
5278608236
5238482857
5246844929
5151047976
5278686071
5192320334
5851629832
5861157731
5350208675
5902741710
5270303078
6397613190
5575765260
5288911801
5194115345
5902354096
5873220415
5205776106
5236601773
5315162441
5249977971
5282225366
5260512539
5324714983
5299635488
5883374654
5341172916
5084974822
5243133582
5387879204
5931615136
5973087194
5915659951
5240743252
5917652563
5927212892
5292071587
5391789495
5300254925
5702523034
5234352380
5196528387
5243356595
5246956381
5373926972
5394968899
5200488144
5194461142
5925853422
5139067489
5199796771
5292448550
5747409799
5279183602
6002124800
5221916940
5828224384
