85673
82593
120378
85227
82078
82175
84168
83961
81788
84829
82792
81869
89144
82884
81467
89265
81401
81651
99948
81950
81945
46262
47428
51754
82979
117757
86316
83251
84982
81707
84296
82458
80810
87659
133073
87195
81283
115885
86565
80847
85080
45579
46013
52804
47130
46276
80537
45532
45670
82083
46615
48463
85538
80785
86347
63632
48315
82401
80637
46818
81060
133372
49893
47980
81179
83606
81034
79253
81325
89405
33414
46707
50506
47860
45894
47546
81110
48541
53283
46577
91310
82710
82550
87950
81582
82656
89988
82508
85814
117036
88550
82305
81855
89098
82441
81083
143138
48891
87048
84259
