88028
82837
94998
85297
81344
58881
84751
81375
81964
83641
87583
84242
85537
83147
82633
84913
82361
84257
82073
80815
109129
99927
46855
45199
47813
54301
81024
47765
45894
45282
85152
49810
84449
48342
82993
112656
86224
83737
85570
81480
48184
50156
82993
48459
46694
57860
46395
45435
81952
86185
102331
124200
48084
82998
45882
80133
119935
82635
46355
46388
188988
116218
115214
86349
81515
47689
80347
80304
119328
115756
160313
47652
49451
49022
47917
124047
48593
47309
81618
46849
88299
260812
82838
87723
106628
85639
82413
81763
85882
82523
86387
52871
84772
85016
114993
84237
151049
83145
84139
85174
