0.61755
0.654725
0.604364
0.674951
0.656766
0.608603
0.583878
0.583693
0.655239
0.619452
0.580002
0.606146
0.605712
0.599286
0.626393
0.573588
0.662312
0.657185
0.645772
0.613535
0.587091
0.526843
0.621328
0.581845
0.611345
0.64127
0.590519
0.677254
0.596034
0.606532
0.591009
0.639077
0.59309
0.536024
0.642113
0.598119
0.616964
0.616295
0.667868
0.61687
0.596719
0.587105
0.669132
0.619007
0.612604
0.636286
0.482652
0.464223
0.594946
0.64935
0.964019
1.02679
1.02827
1.01531
1.03145
0.99507
1.01257
1.02714
1.01434
0.97434
0.986935
0.807158
0.834425
0.629995
0.928702
0.827826
0.955507
0.778978
0.779399
0.967483
1.02581
1.00878
1.04069
1.01626
0.9928
1.00642
1.02334
1.03234
1.03177
0.98048
1.05344
0.84916
1.04053
1.06078
1.0525
1.05727
1.08535
1.07236
1.08044
1.05462
0.577783
0.62466
0.597577
0.614577
0.620759
0.628586
0.604045
0.624646
0.594779
0.676875
