0.588643
0.613435
0.627783
0.57417
0.543248
0.738988
0.617576
0.649426
0.591037
0.640189
0.538084
0.60332
0.567922
0.617331
0.633815
0.536921
0.626432
0.611664
0.645756
0.669331
0.62036
0.584843
0.614244
0.364989
0.619202
0.628142
0.669828
0.639555
0.565677
0.631559
0.623943
0.499692
0.66092
0.610742
0.618791
0.640254
0.641101
0.622491
0.595375
0.655846
0.583869
0.476154
0.620712
0.62605
0.433125
0.644756
0.628234
0.604412
0.65347
0.627919
0.983243
0.802384
1.03082
1.01822
0.993319
1.00335
0.99974
1.03762
1.01507
1.00709
0.823768
0.760238
0.776915
0.846508
0.71841
0.841415
0.852042
0.818026
0.825113
0.849149
1.46337
1.00363
1.0374
1.03892
1.0383
1.00578
1.03542
1.04027
1.03991
1.04072
1.02888
1.07008
1.07834
1.08287
1.06385
0.860698
1.07654
1.0595
1.0532
1.03981
0.573906
0.607342
0.631585
0.611748
0.598653
0.516103
0.625709
0.623089
0.362433
