3.81048
3.78234
4.01817
4.06345
3.27381
1.53279
3.82559
4.02433
3.92562
3.87138
2.9727
4.18392
3.55743
2.98847
4.56149
3.54942
3.9904
3.76941
4.03166
4.07344
3.9623
3.65412
3.73061
2.90483
4.23087
3.81422
4.14752
4.57535
3.63109
3.93118
4.35976
3.36796
4.13867
3.81899
4.23739
4.29446
4.126
4.10136
4.1319
4.32904
4.42037
3.02997
3.97926
3.67009
2.93544
4.07716
3.88452
2.81726
3.89977
3.98252
2.20696
1.10653
2.2604
1.77112
2.27703
2.27101
2.3011
2.24858
1.63519
2.26501
2.17663
2.25632
2.08768
2.13557
2.34973
2.15605
2.12552
2.05459
2.10673
2.15589
0.344364
2.21977
1.74133
1.79377
2.23058
2.18161
1.71946
1.76342
1.67942
2.21398
2.3293
2.23432
2.26279
2.27061
1.67074
1.11899
2.29993
1.76281
1.77577
1.81005
3.41432
3.74733
2.85496
4.50732
3.79794
3.59695
3.95568
3.78661
2.80872
