3.84203
3.96661
3.78371
4.05028
4.06105
2.88071
4.18254
3.73123
3.17508
2.73636
2.67634
3.85684
2.62248
3.61996
3.90142
3.50658
2.85021
4.17548
4.06113
3.77627
4.22539
3.56197
3.7717
3.46555
3.65865
3.9936
3.67729
4.18893
3.71273
3.74684
2.67827
3.84604
3.62458
3.12693
3.97547
2.60674
3.73417
3.70642
4.11998
4.96509
3.70012
3.63264
4.07605
3.75738
4.15726
3.82916
2.96615
3.05557
3.62799
3.8198
1.69444
2.31224
2.31298
1.80051
2.35067
2.30081
1.91606
2.32698
1.76248
1.71087
2.22924
2.01023
2.12975
2.10833
2.22097
2.21505
2.27761
2.0935
1.54241
2.49222
2.35141
1.83789
2.31304
1.78776
1.89423
2.62774
1.83874
1.88576
1.8565
1.89692
1.91005
1.73482
1.88251
2.29206
1.73102
1.82212
2.28444
2.2552
2.28392
1.87092
3.72477
3.77015
4.71373
3.77838
3.83509
3.73343
3.56373
3.87163
3.50325
4.16605
