0.831123
0.867621
0.793245
0.849995
0.871787
0.824179
0.843784
0.864242
0.868327
1.03187
0.948245
0.826666
0.975249
0.795987
0.839057
0.831915
0.840254
0.828433
0.999486
1.01072
1.35968
0.883372
1.0389
1.05107
1.05049
1.00759
1.05008
1.03017
1.0455
1.0456
1.03761
1.04182
1.03013
1.06444
1.05739
1.25562
0.878772
0.864488
0.851399
0.871641
1.00268
0.996212
1.00902
1.00607
1.01807
0.798073
1.00059
1.01436
1.01161
0.998409
1.31668
0.995547
1.01191
1.01033
1.0191
1.03383
1.00378
1.01768
1.01965
1.00943
1.15154
1.02452
1.04811
0.991556
1.03539
1.01626
1.01881
1.04939
1.01875
1.04503
0.918355
1.0027
1.01992
1.02019
1.0293
1.41203
1.00456
1.02882
1.02194
1.02343
0.834607
0.724012
0.853142
0.838919
0.774284
0.834758
0.856462
0.863185
0.853059
0.829951
0.84362
0.832565
1.02361
1.0225
0.744411
0.863798
0.875238
0.825451
0.84939
1.00921
