0.829959
0.838916
0.808759
0.839712
0.847836
0.853629
0.853423
0.794245
0.863506
0.85596
0.924243
0.984455
0.80911
0.822874
0.976373
0.815617
0.985056
0.943242
0.779641
0.838231
1.03206
1.03596
1.04529
1.01071
0.861763
0.833524
0.846642
1.00938
0.847873
0.847545
0.835369
0.852507
0.852395
0.825469
0.79129
0.839989
1.01737
0.871453
0.847318
0.836499
0.994993
0.989757
0.991792
0.9835
1.01186
0.994072
1.01419
1.00886
1.00956
1.0136
1.01206
1.00279
1.01676
1.02223
1.00664
1.30217
0.996992
1.01432
1.01823
1.00898
1.02052
1.27833
0.991476
1.02459
1.02639
1.00295
1.02962
1.05104
1.03802
1.01641
0.956651
1.02409
1.00437
1.00013
1.02709
1.02796
1.02729
1.00821
0.996861
1.02398
0.903872
0.982656
0.856731
0.833378
0.842515
0.859543
0.831058
0.858109
1.00306
0.862539
0.977335
0.82496
0.859122
0.858409
0.863453
1.03238
0.698489
0.823902
0.837697
0.803933
