447954
510465
501736
527342
443268
466633
497793
429661
426932
519997
490945
441573
498406
484771
454042
453594
466352
428186
448017
494595
504984
471230
486989
462332
536923
1191880
539448
496246
423815
476137
451342
443568
463750
532083
514472
510710
453714
432643
493269
438811
512507
470381
473576
481161
431173
459363
444808
484225
458851
520727
577164
489821
519014
474889
544926
467346
455635
464435
574729
492133
497935
492429
478695
477953
510070
481681
509455
511400
455280
519627
428772
484031
542602
495349
475798
523683
503414
526985
499143
454872
525893
471657
483975
522445
446056
458949
488578
499890
624216
481702
509459
525516
442461
494058
532631
543253
462730
469765
482415
458206
