874157
1428120
825719
731890
830577
1159373
843081
801836
816692
1070610
884147
756946
1873051
626525
779300
926802
902025
720493
1005228
901022
944226
757736
804582
784147
744396
1884959
848089
813792
838976
697407
749688
718436
712640
1451197
707151
822125
788978
731002
1166390
646312
796646
732842
901849
1444922
813336
839978
599988
829396
912491
830391
748915
785397
865490
1726338
701780
1401963
672595
704511
913508
704467
773572
843940
806325
718309
809161
872662
732313
756304
836927
1253392
844503
875218
713490
873125
951757
721519
808397
717801
765948
739616
767775
811554
901449
737198
787332
1045034
881361
934983
799345
798331
784523
1258314
873168
760894
956824
2292072
1654118
1137245
910164
2648293
