4593
1987
3115
2283
2235
3846
2003
2201
1828
2201
2349
2051
2434
1982
1629
2222
2147
1579
1682
1845
4041
2436
2648
3202
4701
2402
2856
2961
2556
2690
3558
4065
3684
4037
3342
3543
2659
2943
4121
2522
3207
3170
2547
2459
3853
3318
3137
2748
2445
2906
10712
2278
2625
2032
4199
2918
2362
2668
3836
4472
11110
5794
3111
2517
2254
2934
2473
2259
2468
2334
36597
3192
1952
2242
2386
2262
2491
2247
2382
2431
2539
1835
1685
1702
2136
7187
2193
2313
2645
2163
3710
3626
2527
2984
2500
3636
2932
2894
2544
2600
