4234
2156
2142
7962
10871
7965
2155
2214
2129
2429
1765
2110
3500
4694
2326
53193
5154
5580
3926
3964
3834
2721
3206
2932
2877
3883
3436
2829
2691
2862
3351
3514
3021
2881
2861
2889
3516
2790
3026
56134
4519
3260
3208
3986
3262
3108
3851
3185
3789
3435
2277
2506
2745
2547
2526
10544
5793
7981
3391
3263
2216
2302
2143
4838
2661
2540
2901
2447
2673
2297
1910
1795
2270
1760
2203
2103
10866
1782
1747
1805
2199
5341
7301
2892
3169
2843
3344
3465
4036
2969
3752
3906
3238
2775
2820
2611
3859
3329
3111
7127
