0.846835
0.864576
0.859193
0.748982
0.855444
0.822548
0.857722
0.861503
0.836254
0.840653
0.863241
0.845294
0.862177
0.855992
0.849902
0.805684
0.863865
0.849237
0.854069
0.850913
0.863212
0.828891
0.85677
0.85418
0.85786
0.866355
0.860043
0.818009
0.836243
0.853611
0.860269
0.845913
0.846833
0.85448
0.847743
0.866727
0.855003
0.83057
0.868697
0.853203
0.841542
0.848495
0.860857
0.85034
0.845194
0.86377
0.842113
0.851926
0.836638
0.856578
0.857027
0.845836
0.834851
0.86343
0.844199
0.861106
0.846008
0.857112
0.843103
0.852593
0.854834
0.827483
0.826256
0.851014
0.854896
0.853174
0.855297
0.827377
0.855901
0.827207
0.84098
0.850918
0.829268
0.821479
0.822711
0.770536
0.795552
0.829462
0.833304
0.829771
0.842328
0.835121
0.854068
0.846646
0.854297
0.837268
0.854869
0.861756
0.855322
0.838872
0.855106
0.834405
0.844982
0.832661
0.843368
0.802695
0.814478
0.852591
0.820868
0.889042
