1.54504
1.38266
1.54578
1.54659
1.55262
1.53928
1.60851
1.41781
1.55316
1.51775
1.4561
1.58057
1.66312
1.54302
1.58931
1.5296
1.56738
1.52675
1.53543
1.5272
1.58948
1.53985
1.56592
1.58547
1.56415
1.37639
1.37559
1.5849
1.51454
1.58064
1.55419
1.56759
1.37722
1.50745
1.29794
1.39298
1.62334
1.53419
1.52598
1.36682
1.51357
1.40186
1.59477
1.51994
1.55375
1.54835
1.55026
1.53661
1.59402
1.38546
1.38457
1.52249
1.37214
1.52002
1.29182
1.45994
1.56414
1.52534
1.35836
1.39512
1.55524
1.52556
1.53321
1.55217
1.5469
1.53633
1.5259
1.56251
1.38087
1.55219
1.56171
1.5448
1.55739
1.38703
1.39618
1.37121
1.60815
1.36861
1.38788
1.56741
1.52906
1.58003
1.40291
1.53594
1.52738
1.54836
1.56231
1.63776
1.54117
1.54337
1.54883
1.40132
1.55255
1.53159
1.54678
1.4574
1.52696
1.38669
1.5451
1.39887
