448668352
515407104
438590656
463213888
376252992
393631232
483976448
471913856
430037632
478518208
503324288
450501952
423509504
392982080
405905472
404520384
412334080
369213696
392943744
449650688
486128704
381121728
449419520
414929472
492003200
521064896
536345984
437940160
375490880
406022848
490675264
440300928
468681664
405077184
519839424
484074560
427231680
366495872
394394176
457946432
529440576
488771840
447520256
462949824
373441984
411995200
367764480
395409344
419072128
490804800
531977280
441955968
481935040
404214208
560500864
474394112
446890496
367379904
500823680
481177152
472403904
392156544
413923072
417929408
424454976
379919232
439884032
471044608
462422272
449283200
376037632
417825728
420570304
461833472
486642816
483394944
456420416
483390848
479714944
428359808
482647872
382793792
420945984
428336448
367422208
440195520
463056000
485054720
484735424
403185280
466706368
504225152
368349056
380005696
391587968
535900736
424394880
493926464
390262208
507411776
