158349056
364666304
155138944
169151168
156001472
190659776
172783424
156836096
165310400
226870336
176711168
197381760
419488448
151553536
172345408
194676352
153118848
169664576
197852864
178088256
174338368
196071680
171392640
155848704
156523456
433735936
158353472
184460608
200987200
154905344
182370112
182850240
177099328
337357888
158211008
153656576
172124928
164811072
306768448
155104448
181973184
182536320
160549696
315591808
175068160
157501440
162444352
183180480
175857088
173956224
170820096
195801024
160858880
448332992
174300352
314015680
156154176
154736960
188950016
156882176
189950528
187723968
156781504
170214208
164712000
232672512
152267776
159255680
172160512
328505088
200590784
196354432
158447872
162972992
199551168
162020480
178443200
158851712
165072320
200429632
163888704
197465792
160880512
176909120
159364800
245274688
160938688
156089664
174676992
156944576
181023424
321921344
177198464
178165248
227212480
675062592
462243712
312958144
318135808
503464320
