1484158
2544519
1372084
1401107
1440003
2139277
1515892
1374079
1493421
1883753
1620761
1504079
2764961
1177431
1481706
1998895
1407992
1360811
1621361
1646948
1653331
1650316
1463318
1334999
1354759
2885199
1455192
1871156
2146535
1272274
1623361
1462480
1469753
2641611
1327609
1413714
1494188
1453532
2005972
1274666
1550681
1422154
1542393
2506743
1566061
1459356
1314476
1881520
1591642
1514223
1451789
1530371
1519906
2726717
1410625
2346038
1271929
1332522
1825016
1324707
1575334
1613222
1427455
1364084
1403937
1851125
1268986
1316633
1505231
2043894
1939958
1618286
1329981
1483210
2407363
1447782
1552851
1339613
1460605
1873932
1306527
1746320
1555341
1500645
1420547
2226599
1529095
1514347
1492066
1427532
1591029
2468567
1652932
1725950
1751192
5665526
3832588
2403811
2226593
5334654
