1281677
1661431
1882939
1838062
1149157
1480770
2090009
1202979
1123402
1795617
1829559
1222913
1344135
1537951
1238188
1427819
1498785
1229932
1226456
1558244
1587188
1201538
1453293
1276481
1874682
2650046
2029666
1724216
1272530
1286937
1606615
1299503
1275615
1575043
1823265
1606353
1160727
1123788
1539748
1455573
1924353
1484520
1517286
1770096
1244357
1335479
1141298
1501592
1278835
1798544
1982083
1424104
1572103
1170350
2254706
1538672
1466988
1163218
1844922
1462874
1622458
1456568
1269700
1476340
1555571
1288543
1568895
1546157
1233696
1478712
1205571
1307659
1671496
1339556
1232955
1581949
1444604
1599540
1494798
1173683
1731273
1218411
1271313
1685774
1182469
1429009
1573570
1429361
2223996
1553283
1645376
1663679
1159311
1459341
1439257
1943966
1304315
1483810
1511423
1619289
