3825412
3737213
3812830
3480023
3681292
2852487
4112090
3927047
2516821
3306805
3014079
3978222
3018057
3975363
3754822
4098917
2793773
3418228
3502995
4090799
4891588
4898095
3721884
4381283
3938532
3570975
3989744
3367547
3890906
3917505
2984087
3918029
3892571
5776757
3618907
2997119
4068619
3780490
3450076
5519572
4063146
4005040
3477189
3846108
4871475
3935767
4856667
6994301
3932523
3724408
4722884
6031796
6025977
4223508
5894733
6257798
4205627
5998681
4382959
4779371
6340996
7092527
6664341
10469604
6310934
6387876
6057826
6941617
5266813
7988630
6072770
4323969
6074669
4430031
4664809
7674948
4314731
4153038
4106783
4683624
4119636
8504756
4288243
6104205
4439215
4320412
6090926
6143397
6082308
4237153
4033022
3751395
5855563
3855792
3846844
3724074
4043943
3790963
3995375
3329007
