4021906
3900487
3938736
4542425
5096975
9836051
3760314
3588206
3931403
3644656
6499112
3698972
4123917
2990734
4442176
5522893
5264675
4022216
3573559
3468992
3932441
4117647
4005773
12252906
4942810
3878505
3443222
4487695
4108473
3695305
3655482
8007101
3484988
4096557
3787131
3713542
3516634
3692464
4948378
3545414
5081029
6855937
3813632
3884377
8941133
4994682
3814157
2929378
3624256
3783211
6817615
9001703
6057278
4417580
6500222
6285859
6255369
6113297
4691005
6386824
6844875
7546244
7286281
6645333
8895697
6673129
6508635
7034178
6632835
6463223
51841152
7082103
4482392
4393416
6260435
6647569
4535645
4410950
4464697
6326166
6408685
6444033
6199013
6203571
4685786
8716486
6222174
4303097
4510104
4712990
5239119
3953121
2793975
4858297
3983526
13081434
3725424
3900319
10964617
